0.686402 
0.647652 
0.610916 
0.700373 
0.58628 
0.561183 
0.712981 
0.170254 
0.479695 
0.536948 
1.23493 
0.600106 
0.464506 
0.3707 
0.565362 
0.494894 
0.482703 
0.490126 
0.571803 
0.370891 
0.270808 
0.505242 
0.36015 
0.677138 
0.591718 
0.33886 
0.0984517 
0.528319 
0.299463 
0.559139 
0.208233 
0.379306 
0.462867 
0.468414 
0.454434 
0.490763 
0.399506 
0.51781 
0.546096 
0.541291 
0.732855 
0.545321 
0.290273 
0.584092 
0.504873 
0.467479 
0.230624 
0.286365 
0.494964 
0.515781 
0.43157 
0.474923 
0.469804 
0.612771 
0.546493 
0.50682 
0.780809 
0.263895 
0.378009 
0.420747 
0.425236 
0.656431 
0.597499 
0.718777 
0.72488 
0.586931 
0.239495 
0.393301 
0.551382 
0.305036 
0.54226 
0.684237 
0.671706 
0.995043 
0.446643 
0.519282 
0.417005 
0.400331 
0.151441 
0.591024 
0.575559 
0.241389 
0.326196 
0.46583 
0.526385 
0.558087 
0.370595 
0.34541 
0.666647 
0.443541 
0.557402 
0.409452 
0.723957 
0.285386 
0.253688 
0.509318 
0.327497 
0.26828 
0.54391 
0.645294 
0.384953 
0.569133 
0.426199 
0.556712 
0.640078 
0.57854 
0.514876 
0.459839 
0.521442 
0.485041 
0.662937 
0.375268 
0.529774 
0.49169 
0.624087 
0.61116 
0.40028 
0.363966 
0.490452 
0.317227 
0.642813 
0.480657 
0.507511 
0.35284 
0.475732 
0.194663 
0.482523 
0.4575 
0.524779 
0.531659 
0.509972 
0.229137 
0.447359 
0.507643 
0.517276 
0.505294 
0.348635 
0.485357 
0.55681 
0.455272 
0.53671 
0.482319 
0.543267 
0.550484 
0.390157 
0.713314 
0.474541 
0.469645 
0.649873 
0.425636 
0.576339 
0.345447 
0.555597 
0.51784 
0.462374 
0.451906 
0.624396 
0.252607 
0.436122 
0.354696 
0.42363 
0.329272 
0.630047 
0.637045 
0.389238 
0.597382 
0.328366 
0.295243 
0.614603 
0.846561 
0.602648 
0.53171 
0.499539 
0.41406 
0.506867 
0.46857 
1.10498 
0.528881 
0.550728 
0.526099 
0.564654 
0.51283 
0.275861 
0.609019 
0.712232 
0.284956 
0.505415 
0.730973 
0.539217 
0.548342 
0.286492 
0.702072 
0.243797 
0.203694 
0.477626 
0.426845 
0.604895 
0.468665 
0.772162 
0.553681 
0.640203 
0.494721 
0.448671 
0.692816 
0.630395 
0.538792 
0.432818 
0.547292 
0.628708 
0.47754 
0.428058 
0.117437 
0.27727 
0.433778 
0.716988 
0.338165 
0.551906 
0.673668 
0.427627 
0.568595 
0.360884 
0.571824 
0.650263 
0.55519 
0.752847 
0.39075 
0.532474 
0.468039 
0.781516 
1.0325 
1.23805 
0.683654 
0.634775 
0.632519 
0.426227 
0.582904 
0.461776 
0.565572 
0.477463 
0.759865 
0.298934 
0.674854 
0.419403 
0.414535 
0.699659 
0.383439 
0.616405 
0.483143 
0.900838 
0.658365 
0.37614 
0.636997 
0.581965 
0.683523 
0.54742 
0.418727 
0.491535 
0.486545 
0.470933 
0.555693 
0.474878 
0.482709 
0.572825 
0.473009 
0.561617 
0.673466 
0.391874 
0.504924 
0.387218 
0.682323 
0.733745 
0.417808 
0.319178 
0.0587362 
0.334036 
0.237569 
0.669475 
0.315642 
0.486628 
0.567065 
0.532861 
0.376446 
0.404803 
0.488419 
0.263951 
0.583043 
0.593419 
0.465512 
0.48336 
0.532939 
0.31394 
0.555518 
0.575548 
0.585893 
0.729536 
0.38297 
0.378223 
0.62484 
0.156891 
0.631545 
0.547396 
0.598205 
0.592543 
0.568032 
0.46866 
0.492351 
0.424566 
0.574007 
0.430225 
0.547142 
0.584257 
0.733842 
0.445779 
0.346741 
0.496638 
0.488807 
0.489894 
0.617559 
0.486528 
0.488736 
0.629999 
0.816365 
0.497366 
0.631791 
0.460825 
0.790912 
0.604627 
0.2881 
0.514849 
0.3582 
0.294244 
0.460146 
0.537712 
0.47338 
0.410873 
0.506053 
0.521385 
0.656137 
0.57271 
0.362585 
0.283177 
0.75087 
0.485767 
0.61971 
0.100082 
0.578805 
0.564364 
0.431909 
0.518599 
0.545878 
0.347692 
0.534473 
0.555687 
0.44396 
0.716065 
0.822976 
0.940306 
0.583227 
0.436367 
0.532437 
0.276144 
0.582216 
0.391624 
0.225584 
0.636507 
1.08814 
0.603616 
0.46877 
0.422869 
0.541006 
0.66315 
0.265435 
0.207704 
0.62339 
0.603386 
0.501532 
0.552624 
1.00231 
0.315016 
0.530469 
0.329279 
0.701203 
0.323144 
0.447676 
0.598981 
0.605316 
0.362985 
0.383781 
0.516127 
0.415884 
0.622342 
0.465548 
0.590603 
0.531507 
0.437205 
0.485246 
0.648232 
0.519881 
0.251775 
0.498949 
0.605672 
0.517305 
0.492707 
0.537207 
0.377555 
0.419381 
0.526817 
0.461266 
0.536107 
0.676183 
0.188818 
0.400498 
0.497143 
0.470748 
0.387436 
0.317492 
0.54357 
0.797158 
0.279295 
0.610862 
0.363338 
0.320147 
0.336492 
0.630942 
0.254857 
0.466739 
0.70589 
1.02642 
0.241993 
0.51059 
0.666467 
0.63563 
0.289472 
0.339209 
0.368617 
0.658515 
0.29646 
0.609615 
0.462103 
0.533402 
0.579382 
0.646018 
0.461969 
0.63257 
0.767241 
0.503281 
0.65794 
0.468922 
0.441155 
0.581532 
0.556448 
0.0967555 
0.4401 
0.511831 
0.237641 
0.648689 
0.380872 
0.490842 
0.663241 
0.298532 
0.504644 
0.339248 
0.422293 
0.404835 
0.306506 
0.613819 
0.501331 
0.295047 
0.526472 
0.422948 
0.666108 
0.388499 
0.399548 
0.691689 
0.59682 
0.681677 
0.252287 
0.579745 
0.566553 
0.468073 
0.347377 
1.20103 
0.174948 
0.3805 
0.408264 
0.491845 
0.278715 
0.652358 
0.463435 
0.139562 
0.747249 
0.626176 
0.452798 
0.357477 
0.604878 
0.640606 
0.2887 
0.488286 
0.64317 
0.459864 
0.550085 
0.697703 
0.41532 
0.561016 
0.60638 
0.624691 
0.683069 
0.480504 
0.554402 
0.586464 
0.497214 
0.451905 
0.511486 
0.701655 
0.674355 
0.602255 
0.547566 
0.36339 
0.194572 
0.297362 
0.466138 
0.395937 
0.611368 
0.174984 
0.66255 
0.367018 
0.687039 
0.421317 
0.403617 
0.492436 
0.391006 
0.641323 
0.365216 
0.551454 
0.444996 
0.603453 
0.456701 
0.541392 
0.911316 
0.623479 
0.381082 
0.378269 
0.305461 
0.431725 
0.399072 
0.439337 
0.361414 
0.613709 
0.397047 
0.87596 
0.414984 
0.816807 
0.177047 
0.557713 
0.36683 
0.427484 
0.568308 
0.364066 
0.420837 
0.510545 
0.622333 
0.60741 
0.562925 
0.763226 
0.768931 
0.367919 
0.496772 
0.187773 
0.466887 
0.658164 
0.59363 
0.21648 
0.558809 
0.639069 
0.158662 
0.523219 
0.429746 
0.191297 
0.321588 
0.684616 
0.506457 
0.606505 
0.585643 
0.232003 
0.298927 
0.535572 
0.455631 
0.636112 
0.199684 
0.421229 
0.536839 
0.666638 
0.303037 
0.51663 
0.513749 
0.586972 
0.658414 
0.511794 
0.16354 
0.653686 
0.428642 
0.221603 
0.398485 
0.580432 
0.340974 
0.51183 
0.215634 
0.551129 
0.241663 
0.453944 
0.500831 
0.417048 
0.184552 
0.207492 
0.499788 
0.524662 
0.491818 
0.722585 
0.541729 
0.445161 
0.433422 
0.452547 
0.349261 
0.494424 
0.472475 
0.161344 
0.406502 
0.229501 
0.501475 
0.600465 
0.378872 
0.292593 
0.390256 
0.0759379 
0.777056 
0.255084 
0.649923 
0.647159 
0.452209 
0.680992 
0.392193 
0.635266 
0.662336 
0.373991 
0.496788 
0.473001 
0.557052 
0.569417 
0.405451 
0.102486 
0.385992 
0.338651 
0.431292 
0.636405 
0.578557 
0.565121 
0.568131 
0.91236 
0.5016 
0.51103 
0.536211 
0.651666 
0.65791 
0.301742 
0.511479 
0.634807 
0.617387 
0.595017 
0.495953 
0.566389 
0.537121 
0.491852 
0.632176 
0.52748 
0.466959 
0.694021 
0.563489 
0.399762 
0.639593 
0.636122 
0.380783 
0.610167 
0.503828 
0.41008 
0.629422 
0.512686 
0.438754 
0.567688 
0.456152 
0.552795 
0.479735 
1.11355 
0.455882 
0.496235 
0.264612 
0.566251 
0.371218 
0.529394 
0.559743 
0.227689 
0.510767 
0.504254 
0.72347 
0.576042 
0.327388 
0.48072 
0.620892 
0.640372 
0.412731 
0.624382 
0.4403 
0.416385 
0.32236 
0.682939 
0.408333 
0.72699 
0.680276 
0.213123 
0.50592 
0.446803 
0.599961 
0.728496 
0.215944 
0.581256 
0.544564 
0.403812 
0.592787 
0.23065 
0.303824 
0.500273 
0.450686 
0.602832 
0.525928 
0.387622 
0.223802 
0.789033 
0.345928 
0.527083 
0.329977 
0.398614 
0.530716 
0.69606 
0.49596 
0.202122 
0.694518 
0.670526 
0.581623 
0.218249 
0.484005 
0.473587 
0.317535 
0.417706 
0.496768 
0.530475 
0.344465 
0.309791 
0.488881 
0.210534 
0.205835 
0.366568 
0.4905 
0.331615 
0.508134 
0.642587 
0.627734 
0.552752 
0.539387 
0.421136 
0.895774 
0.534765 
0.202216 
0.450951 
0.649551 
0.54318 
0.465835 
0.87758 
0.67661 
0.488453 
0.384928 
0.307415 
0.194318 
0.350254 
0.36634 
0.429304 
0.592619 
0.407355 
0.0947155 
0.635082 
0.525925 
0.353229 
0.445114 
0.640071 
0.433872 
0.675408 
0.394427 
0.231654 
0.220117 
0.597887 
0.430911 
0.46236 
0.576035 
0.463857 
0.580231 
0.593576 
0.288576 
0.597901 
0.308376 
0.535267 
0.342142 
0.364245 
0.303835 
0.517337 
0.475931 
0.48304 
0.457261 
0.368356 
0.675775 
0.536734 
0.624971 
0.169575 
0.599771 
0.480721 
0.440525 
0.394278 
0.617037 
0.54934 
0.211148 
0.678129 
0.489524 
0.362669 
0.459202 
0.497966 
0.495488 
0.323083 
0.623221 
0.48397 
0.464269 
0.67292 
0.473116 
0.618149 
0.682742 
0.709934 
0.248768 
0.33546 
0.44325 
0.456556 
0.447708 
0.673485 
0.526677 
0.461236 
0.381084 
0.33259 
0.596105 
0.513098 
0.449849 
0.288614 
0.861002 
0.219901 
0.54678 
0.44495 
0.157724 
0.233637 
0.700293 
0.252548 
0.533033 
0.341908 
0.559107 
0.594918 
0.465072 
0.508923 
0.679834 
0.274765 
0.424692 
0.57944 
0.254843 
0.534972 
0.549813 
0.544864 
0.575665 
0.53287 
0.739938 
0.150415 
0.428652 
0.6474 
0.542096 
0.398797 
0.212537 
0.347164 
0.430072 
0.381252 
0.446383 
0.518743 
0.430928 
0.224441 
0.4734 
0.554573 
0.506858 
0.451613 
0.349431 
0.496343 
0.588791 
0.496753 
0.575688 
0.679523 
0.321706 
0.556848 
0.477279 
0.499062 
0.561523 
0.369899 
0.492266 
0.486597 
0.640803 
0.431755 
0.291561 
0.445262 
0.456243 
0.556204 
0.408058 
0.575537 
0.386834 
0.636307 
0.539956 
0.363936 
0.585877 
0.639117 
0.609149 
0.417328 
0.536364 
0.2689 
0.622014 
0.560595 
0.575343 
0.732727 
0.574138 
0.580318 
0.313703 
0.66403 
0.564173 
0.668455 
0.615503 
0.513553 
0.227446 
0.671362 
0.335686 
0.577067 
0.460559 
0.468646 
0.81 
0.674865 
0.459993 
0.283176 
0.549473 
0.489868 
0.434046 
0.572371 
0.599289 
0.615741 
0.498054 
0.594059 
0.238039 
0.58266 
0.263885 
0.412653 
0.571732 
0.479022 
0.455336 
0.475434 
0.446053 
0.528647 
0.799215 
0.447293 
0.402726 
1.21646 
0.493975 
0.547241 
0.396864 
0.506496 
0.536445 
0.302786 
0.618259 
0.0909748 
0.500984 
0.458658 
0.569797 
0.933649 
0.402925 
0.436371 
0.653085 
0.420481 
0.394068 
0.425285 
0.522776 
0.462844 
0.495293 
0.700811 
0.604872 
0.522498 
0.63086 
0.23166 
