0.122045
0.122044
0.122044
0.122044
0.122043
0.122043
0.122043
0.122042
0.122042
0.122042
0.122041
0.122041
0.122041
0.12204
0.12204
0.12204
0.122039
0.122039
0.122039
0.122038
0.122038
0.122038
0.122037
0.122037
0.122037
0.122036
0.122036
0.122035
0.122035
0.122035
0.122034
0.122034
0.122034
0.122033
0.122033
0.122033
0.122032
0.122032
0.122032
0.122031
0.122031
0.122031
0.12203
0.12203
0.122029
0.122029
0.122029
0.122029
0.122028
0.122028
0.122028
0.122027
0.122027
0.122027
0.122026
0.122026
0.122026
0.122026
0.122025
0.122025
0.122025
0.122025
0.122025
0.122025
0.122025
0.122024
0.122024
0.122024
0.122024
0.122024
0.122024
0.122025
0.122025
0.122025
0.122025
0.122025
0.122026
0.122026
0.122026
0.122027
0.122027
0.122028
0.122028
0.122029
0.122029
0.12203
0.12203
0.122031
0.122031
0.122032
0.122032
0.122032
0.122032
0.122033
0.122033
0.122032
0.122032
0.122031
0.122031
0.12203
0.122029
0.122027
0.122025
0.122023
0.122021
0.122019
0.122016
0.122013
0.12201
0.122007
0.122004
0.122001
0.121998
0.121995
0.121992
0.121989
0.121986
0.121983
0.121981
0.121979
0.121977
0.121975
0.121974
0.121973
0.121972
0.121971
0.121971
0.121971
0.121971
0.121971
0.121971
0.121972
0.121972
0.121973
0.121973
0.121974
0.121974
0.121975
0.121975
0.121975
0.121975
0.121975
0.121974
0.121974
0.121973
0.121971
0.12197
0.121968
0.121966
0.121964
0.121961
0.121958
0.121956
0.121953
0.12195
0.121947
0.121944
0.121941
0.121939
0.121936
0.121934
0.121932
0.12193
0.121928
0.121927
0.121926
0.121925
0.121924
0.121923
0.121923
0.121923
0.121923
0.121923
0.121923
0.121924
0.121924
0.121925
0.121926
0.121927
0.121928
0.121929
0.12193
0.121931
0.121932
0.121934
0.121935
0.121936
0.121938
0.121939
0.121941
0.121942
0.121944
0.121945
0.121946
0.121947
0.121948
0.121948
0.121949
0.121949
0.121948
0.121947
0.121945
0.121943
0.121941
0.121938
0.121934
0.121929
0.121925
0.121919
0.121914
0.121908
0.121901
0.121895
0.121888
0.121881
0.121874
0.121867
0.12186
0.121853
0.121847
0.12184
0.121834
0.121828
0.121823
0.121818
0.121813
0.121809
0.121805
0.121803
0.1218
0.121799
0.121797
0.121797
0.121797
0.121797
0.121797
0.121798
0.121798
0.121799
0.121799
0.121799
0.121798
0.121797
0.121794
0.121792
0.121788
0.121784
0.121778
0.121773
0.121766
0.12176
0.121753
0.121746
0.121739
0.121733
0.121727
0.121721
0.121716
0.121712
0.121709
0.121707
0.121705
0.121705
0.121705
0.121705
0.121706
0.121708
0.12171
0.121712
0.121714
0.121716
0.121719
0.121721
0.121723
0.121725
0.121727
0.121728
0.121729
0.121729
0.121729
0.121728
0.121726
0.121724
0.121722
0.121718
0.121714
0.12171
0.121705
0.1217
0.121695
0.121689
0.121684
0.121678
0.121673
0.121668
0.121663
0.121659
0.121655
0.121651
0.121648
0.121645
0.121643
0.121641
0.121639
0.121638
0.121636
0.121635
0.121633
0.121632
0.12163
0.121628
0.121626
0.121623
0.121619
0.121616
0.121612
0.121607
0.121602
0.121597
0.121592
0.121587
0.121582
0.121577
0.121572
0.121568
0.121564
0.12156
0.121557
0.121555
0.121552
0.12155
0.121549
0.121548
0.121547
0.121547
0.121546
0.121546
0.121546
0.121546
0.121546
0.121547
0.121547
0.121547
0.121548
0.121548
0.121548
0.121548
0.121549
0.121549
0.121549
0.121549
0.121549
0.121549
0.121549
0.121549
0.121549
0.12155
0.12155
0.12155
0.12155
0.12155
0.12155
0.12155
0.12155
0.12155
0.12155
0.12155
0.12155
0.12155
0.12155
0.12155
0.12155
0.12155
0.121549
0.121549
0.121549
0.121548
0.121547
0.121546
0.121545
0.121544
0.121542
0.121541
0.121539
0.121537
0.121535
0.121533
0.121531
0.121528
0.121526
0.121524
0.121521
0.121519
0.121517
0.121514
0.121512
0.12151
0.121509
0.121507
0.121506
0.121505
0.121504
0.121503
0.121503
0.121503
0.121503
0.121503
0.121503
0.121503
0.121504
0.121504
0.121504
0.121504
0.121504
0.121503
0.121502
0.121501
0.121499
0.121497
0.121494
0.121491
0.121488
0.121484
0.12148
0.121475
0.12147
0.121465
0.12146
0.121456
0.121451
0.121447
0.121443
0.121439
0.121436
0.121434
0.121432
0.12143
0.12143
0.12143
0.12143
0.121431
0.121432
0.121433
0.121435
0.121437
0.121439
0.121442
0.121444
0.121446
0.121448
0.12145
0.121451
0.121452
0.121452
0.121452
0.121451
0.121449
0.121446
0.121442
0.121437
0.121432
0.121425
0.121418
0.121409
0.121401
0.121391
0.121382
0.121372
0.121363
0.121354
0.121345
0.121337
0.12133
0.121323
0.121318
0.121313
0.121309
0.121305
0.121303
0.121301
0.1213
0.1213
0.1213
0.121301
0.121302
0.121303
0.121305
0.121307
0.121309
0.121311
0.121313
0.121316
0.121318
0.12132
0.121322
0.121325
0.121327
0.121328
0.12133
0.121331
0.121332
0.121332
0.121332
0.121331
0.12133
0.121328
0.121325
0.121322
0.121318
0.121314
0.121308
0.121303
0.121297
0.121291
0.121284
0.121278
0.121271
0.121265
0.121259
0.121254
0.121249
0.121244
0.12124
0.121237
0.121234
0.121232
0.12123
0.121229
0.121228
0.121227
0.121227
0.121227
0.121227
0.121228
0.121228
0.121229
0.121229
0.12123
0.121231
0.121232
0.121232
0.121233
0.121234
0.121235
0.121235
0.121236
0.121237
0.121238
0.121238
0.121239
0.12124
0.121241
0.121242
0.121243
0.121244
0.121245
0.121247
0.121248
0.121249
0.12125
0.121251
0.121253
0.121253
0.121254
0.121254
0.121254
0.121254
0.121253
0.121251
0.121249
0.121246
0.121242
0.121238
0.121232
0.121226
0.121219
0.121212
0.121204
0.121195
0.121187
0.121178
0.121169
0.12116
0.121152
0.121144
0.121136
0.121129
0.121123
0.121118
0.121113
0.121109
0.121105
0.121102
0.121099
0.121097
0.121095
0.121093
0.121091
0.12109
0.121088
0.121086
0.121084
0.121082
0.121079
0.121077
0.121074
0.121072
0.121069
0.121066
0.121064
0.121061
0.121059
0.121057
0.121056
0.121054
0.121053
0.121052
0.121051
0.121051
0.121051
0.121051
0.121051
0.121052
0.121052
0.121053
0.121054
0.121054
0.121055
0.121056
0.121057
0.121058
0.121059
0.12106
0.12106
0.121061
0.121062
0.121063
0.121063
0.121064
0.121065
0.121065
0.121065
0.121066
0.121066
0.121066
0.121066
0.121066
0.121066
0.121066
0.121066
0.121065
0.121065
0.121065
0.121064
0.121063
0.121063
0.121062
0.121061
0.12106
0.121059
0.121058
0.121057
0.121056
0.121054
0.121053
0.121051
0.121048
0.121046
0.121042
0.121039
0.121034
0.121029
0.121023
0.121017
0.12101
0.121003
0.120995
0.120987
0.120979
0.12097
0.120962
0.120954
0.120947
0.12094
0.120934
0.120929
0.120924
0.12092
0.120917
0.120914
0.120913
0.120911
0.120911
0.120911
0.120911
0.120911
0.120912
0.120912
0.120913
0.120914
0.120915
0.120916
0.120917
0.120918
0.120919
0.12092
0.12092
0.120921
0.120921
0.120922
0.120922
0.120922
0.120922
0.120923
0.120923
0.120923
0.120923
0.120923
0.120923
0.120923
0.120923
0.120923
0.120923
0.120923
0.120923
0.120924
0.120924
0.120924
0.120925
0.120926
0.120926
0.120927
0.120928
0.120929
0.12093
0.120931
0.120933
0.120934
0.120935
0.120937
0.120938
0.12094
0.120941
0.120942
0.120943
0.120943
0.120943
0.120943
0.120942
0.120941
0.120938
0.120935
0.120932
0.120927
0.120921
0.120915
0.120908
0.1209
0.120891
0.120882
0.120873
0.120863
0.120854
0.120844
0.120835
0.120827
0.120819
0.120811
0.120804
0.120798
0.120793
0.120788
0.120784
0.120781
0.120778
0.120776
0.120774
0.120773
0.120772
0.120771
0.120771
0.120771
0.120771
0.120772
0.120773
0.120774
0.120775
0.120776
0.120777
0.120779
0.12078
0.120782
0.120784
0.120786
0.120788
0.12079
0.120792
0.120795
0.120797
0.120799
0.120802
0.120804
0.120807
0.120809
0.120811
0.120812
0.120813
0.120813
0.120813
0.120812
0.12081
0.120807
0.120803
0.120798
0.120791
0.120784
0.120777
0.120768
0.120759
0.12075
0.120741
0.120732
0.120724
0.120716
0.120709
0.120702
0.120696
0.120691
0.120685
0.12068
0.120675
0.120669
0.120663
0.120657
0.12065
0.120643
0.120635
0.120627
0.120619
0.120611
0.120603
0.120596
0.120589
0.120583
0.120578
0.120573
0.120569
0.120566
0.120564
0.120562
0.12056
0.120559
0.120557
0.120555
0.120553
0.12055
0.120547
0.120543
0.120539
0.120533
0.120528
0.120522
0.120516
0.12051
0.120504
0.120498
0.120492
0.120487
0.120483
0.120479
0.120476
0.120474
0.120472
0.120471
0.12047
0.12047
0.120471
0.120472
0.120473
0.120475
0.120477
0.120479
0.120481
0.120483
0.120485
0.120487
0.120489
0.12049
0.120492
0.120493
0.120493
0.120494
0.120494
0.120493
0.120493
0.120491
0.120489
0.120487
0.120484
0.12048
0.120477
0.120472
0.120468
0.120463
0.120458
0.120452
0.120447
0.120441
0.120435
0.120429
0.120423
0.120417
0.120411
0.120405
0.120398
0.120392
0.120386
0.120381
0.120375
0.12037
0.120365
0.12036
0.120356
0.120352
0.120348
0.120345
0.120343
0.120341
0.120339
0.120338
0.120337
0.120336
0.120336
0.120335
0.120335
0.120334
0.120333
0.120332
0.120331
0.120329
0.120327
0.120324
0.120321
0.120318
0.120315
0.120311
0.120308
0.120304
0.120301
0.120297
0.120295
0.120292
0.12029
0.120288
0.120287
0.120286
0.120286
0.120285
0.120285
0.120284
0.120284
0.120283
0.120282
0.12028
0.120277
0.120274
0.120271
0.120266
0.120261
0.120256
0.12025
0.120243
0.120235
0.120228
0.12022
0.120211
0.120203
0.120194
0.120186
0.120177
0.120169
0.120161
0.120153
0.120146
0.120139
0.120132
0.120126
0.120121
0.120116
0.120112
0.120108
0.120104
0.120101
0.120098
0.120095
0.120093
0.12009
0.120087
0.120084
0.120081
0.120078
0.120075
0.120071
0.120068
0.120064
0.120061
0.120058
0.120055
0.120052
0.120049
0.120047
0.120045
0.120043
0.120041
0.12004
0.12004
0.120039
0.120039
0.120039
0.120039
0.120039
0.12004
0.12004
0.120041
0.120042
0.120042
0.120043
0.120044
0.120045
0.120046
0.120047
0.120048
0.120048
0.120049
0.12005
0.12005
0.120051
0.120051
0.120051
0.120051
0.120051
0.12005
0.12005
0.120049
0.120048
0.120047
0.120045
0.120043
0.120041
0.120038
0.120035
0.120031
0.120028
0.120023
0.120019
0.120014
0.120009
0.120004
0.119998
0.119993
0.119987
0.119982
0.119976
0.119971
0.119967
0.119963
0.119959
0.119956
0.119953
0.119951
0.11995
0.119949
0.119949
0.119949
0.11995
0.11995
0.119951
0.119952
0.119953
0.119954
0.119954
0.119954
0.119953
0.119952
0.119949
0.119947
0.119943
0.119939
0.119933
0.119928
0.119921
0.119914
0.119906
0.119898
0.11989
0.119882
0.119873
0.119865
0.119856
0.119848
0.119841
0.119834
0.119827
0.11982
0.119814
0.119808
0.119803
0.119798
0.119793
0.119788
0.119784
0.119779
0.119775
0.119771
0.119766
0.119762
0.119758
0.119754
0.11975
0.119747
0.119743
0.11974
0.119737
0.119735
0.119732
0.119731
0.119729
0.119729
0.119728
0.119728
0.119728
0.119729
0.11973
0.119731
0.119733
0.119735
0.119737
0.119739
0.119742
0.119745
0.119747
0.11975
0.119752
0.119755
0.119758
0.11976
0.119762
0.119764
0.119765
0.119766
0.119767
0.119767
0.119766
0.119764
0.119762
0.119759
0.119756
0.119751
0.119746
0.11974
0.119733
0.119726
0.119718
0.119709
0.119701
0.119692
0.119683
0.119675
0.119666
0.119658
0.119651
0.119644
0.119638
0.119632
0.119627
0.119622
0.119619
0.119615
0.119612
0.11961
0.119608
0.119605
0.119603
0.119601
0.119599
0.119596
0.119593
0.11959
0.119587
0.119583
0.119579
0.119575
0.11957
0.119566
0.119561
0.119557
0.119553
0.119549
0.119546
0.119543
0.119541
0.119539
0.119538
0.119537
0.119537
0.119538
0.119539
0.11954
0.119542
0.119544
0.119547
0.11955
0.119552
0.119555
0.119558
0.119561
0.119563
0.119566
0.119567
0.119568
0.119569
0.119569
0.119567
0.119565
0.119561
0.119557
0.119551
0.119543
0.119534
0.119524
0.119513
0.1195
0.119486
0.119471
0.119456
0.11944
0.119424
0.119408
0.119392
0.119376
0.119361
0.119347
0.119335
0.119323
0.119313
0.119304
0.119296
0.119291
0.119286
0.119283
0.119281
0.119281
0.119281
0.119283
0.119285
0.119288
0.119291
0.119295
0.119298
0.119301
0.119304
0.119306
0.119307
0.119307
0.119306
0.119303
0.119299
0.119294
0.119287
0.119279
0.119269
0.119259
0.119249
0.119238
0.119227
0.119216
0.119207
0.119198
0.11919
0.119184
0.119179
0.119175
0.119172
0.119171
0.11917
0.119171
0.119172
0.119174
0.119176
0.119179
0.119182
0.119185
0.119187
0.11919
0.119192
0.119194
0.119195
0.119196
0.119197
0.119196
0.119196
0.119194
0.119192
0.119189
0.119185
0.119181
0.119176
0.11917
0.119163
0.119155
0.119147
0.119138
0.119128
0.119117
0.119105
0.119093
0.119081
0.119068
0.119055
0.119043
0.119031
0.11902
0.11901
0.119
0.118992
0.118985
0.118979
0.118975
0.118972
0.11897
0.118968
0.118968
0.118968
0.118968
0.118968
0.118968
0.118968
0.118967
0.118965
0.118962
0.118958
0.118953
0.118947
0.118939
0.118931
0.118921
0.118911
0.118901
0.11889
0.118879
0.118868
0.118858
0.118848
0.118839
0.118831
0.118824
0.118818
0.118813
0.118809
0.118805
0.118803
0.118802
0.118801
0.118801
0.118801
0.118802
0.118803
0.118804
0.118805
0.118807
0.118808
0.11881
0.118812
0.118813
0.118815
0.118816
0.118817
0.118818
0.11882
0.11882
0.118821
0.118822
0.118823
0.118823
0.118823
0.118824
0.118824
0.118824
0.118824
0.118824
0.118824
0.118823
0.118823
0.118823
0.118822
0.118822
0.118821
0.118821
0.11882
0.118819
0.118818
0.118817
0.118816
0.118815
0.118814
0.118813
0.118812
0.11881
0.118809
0.118808
0.118806
0.118805
0.118803
0.118802
0.118801
0.118799
0.118798
0.118797
0.118795
0.118794
0.118793
0.118792
0.118791
0.118789
0.118788
0.118787
0.118785
0.118783
0.118781
0.118779
0.118776
0.118773
0.11877
0.118766
0.118761
0.118756
0.118751
0.118745
0.118739
0.118733
0.118726
0.11872
0.118713
0.118707
0.118701
0.118696
0.118691
0.118687
0.118683
0.118679
0.118677
0.118675
0.118673
0.118672
0.118671
0.118671
0.118671
0.118672
0.118672
0.118673
0.118674
0.118676
0.118677
0.118678
0.11868
0.118682
0.118683
0.118685
0.118686
0.118688
0.118689
0.118691
0.118692
0.118693
0.118694
0.118694
0.118695
0.118695
0.118695
0.118694
0.118693
0.118691
0.118689
0.118686
0.118682
0.118679
0.118674
0.118669
0.118664
0.118659
0.118653
0.118647
0.118641
0.118635
0.11863
0.118625
0.11862
0.118615
0.118612
0.118608
0.118605
0.118603
0.118601
0.118599
0.118598
0.118597
0.118596
0.118596
0.118595
0.118594
0.118594
0.118593
0.118592
0.118592
0.118591
0.118589
0.118588
0.118587
0.118585
0.118584
0.118582
0.118581
0.118579
0.118578
0.118576
0.118575
0.118573
0.118572
0.118571
0.118569
0.118568
0.118567
0.118565
0.118563
0.118561
0.118559
0.118557
0.118554
0.118551
0.118548
0.118544
0.11854
0.118535
0.11853
0.118525
0.118519
0.118514
0.118507
0.118501
0.118495
0.118489
0.118482
0.118476
0.11847
0.118464
0.118459
0.118454
0.118449
0.118444
0.11844
0.118437
0.118434
0.118431
0.118429
0.118428
0.118427
0.118426
0.118426
0.118425
0.118425
0.118426
0.118426
0.118427
0.118427
0.118428
0.118428
0.118429
0.118429
0.11843
0.11843
0.11843
0.11843
0.11843
0.11843
0.11843
0.118429
0.118429
0.118428
0.118428
0.118427
0.118427
0.118426
0.118426
0.118425
0.118425
0.118425
0.118424
0.118424
0.118424
0.118425
0.118425
0.118426
0.118426
0.118427
0.118428
0.118428
0.118429
0.11843
0.11843
0.118431
0.118431
0.118431
0.118431
0.11843
0.118429
0.118428
0.118426
0.118424
0.118421
0.118418
0.118415
0.11841
0.118405
0.1184
0.118394
0.118387
0.11838
0.118372
0.118363
0.118354
0.118345
0.118335
0.118325
0.118315
0.118305
0.118295
0.118285
0.118276
0.118268
0.11826
0.118252
0.118246
0.11824
0.118235
0.118231
0.118228
0.118226
0.118224
0.118223
0.118223
0.118222
0.118223
0.118223
0.118223
0.118223
0.118223
0.118222
0.118221
0.11822
0.118217
0.118214
0.118211
0.118206
0.118202
0.118196
0.11819
0.118183
0.118176
0.118168
0.118161
0.118152
0.118143
0.118135
0.118125
0.118116
0.118107
0.118097
0.118088
0.118079
0.11807
0.118061
0.118053
0.118046
0.118039
0.118033
0.118028
0.118023
0.11802
0.118017
0.118014
0.118013
0.118012
0.118011
0.118011
0.118012
0.118012
0.118013
0.118014
0.118016
0.118017
0.118018
0.118019
0.118021
0.118022
0.118023
0.118024
0.118025
0.118026
0.118026
0.118027
0.118027
0.118027
0.118028
0.118028
0.118027
0.118027
0.118027
0.118026
0.118026
0.118025
0.118025
0.118024
0.118023
0.118022
0.118021
0.11802
0.118019
0.118018
0.118017
0.118016
0.118015
0.118014
0.118013
0.118011
0.11801
0.118009
0.118008
0.118007
0.118005
0.118004
0.118003
0.118002
0.118
0.117999
0.117998
0.117997
0.117996
0.117995
0.117993
0.117992
0.117991
0.11799
0.117989
0.117988
0.117987
0.117986
0.117986
0.117985
0.117984
0.117983
0.117982
0.117982
0.117981
0.117981
0.11798
0.11798
0.117979
0.117979
0.117979
0.117978
0.117978
0.117978
0.117978
0.117977
0.117977
0.117977
0.117977
0.117977
0.117977
0.117976
0.117976
0.117976
0.117975
0.117974
0.117974
0.117973
0.117972
0.11797
0.117969
0.117967
0.117965
0.117963
0.117961
0.117959
0.117956
0.117954
0.117951
0.117948
0.117945
0.117942
0.117938
0.117935
0.117931
0.117927
0.117923
0.117919
0.117914
0.11791
0.117905
0.1179
0.117895
0.11789
0.117885
0.11788
0.117876
0.117871
0.117867
0.117863
0.117859
0.117856
0.117853
0.11785
0.117848
0.117846
0.117844
0.117843
0.117842
0.117841
0.11784
0.11784
0.11784
0.117839
0.117839
0.117839
0.117839
0.117839
0.117839
0.117839
0.117839
0.117838
0.117838
0.117838
0.117837
0.117837
0.117836
0.117836
0.117836
0.117835
0.117835
0.117835
0.117834
0.117834
0.117835
0.117835
0.117835
0.117835
0.117836
0.117837
0.117837
0.117838
0.117839
0.117839
0.11784
0.11784
0.11784
0.11784
0.117839
0.117838
0.117836
0.117833
0.11783
0.117826
0.117821
0.117815
0.117809
0.117802
0.117794
0.117786
0.117777
0.117768
0.117758
0.117748
0.117738
0.117728
0.117718
0.117709
0.1177
0.117691
0.117684
0.117677
0.117671
0.117665
0.117661
0.117657
0.117654
0.117652
0.11765
0.117648
0.117646
0.117644
0.117641
0.117639
0.117635
0.117631
0.117626
0.117621
0.117614
0.117607
0.117599
0.117591
0.117581
0.117572
0.117562
0.117552
0.117542
0.117532
0.117523
0.117514
0.117505
0.117497
0.11749
0.117483
0.117478
0.117473
0.117469
0.117466
0.117463
0.117462
0.117461
0.117461
0.117462
0.117462
0.117464
0.117465
0.117467
0.117468
0.11747
0.11747
0.117471
0.117471
0.11747
0.117468
0.117465
0.117461
0.117456
0.11745
0.117443
0.117436
0.117427
0.117417
0.117407
0.117397
0.117386
0.117376
0.117365
0.117355
0.117346
0.117337
0.117329
0.117322
0.117316
0.117311
0.117307
0.117305
0.117303
0.117302
0.117302
0.117302
0.117303
0.117304
0.117305
0.117305
0.117305
0.117305
0.117303
0.117301
0.117298
0.117293
0.117287
0.11728
0.117272
0.117264
0.117255
0.117245
0.117236
0.117227
0.117218
0.11721
0.117202
0.117196
0.11719
0.117186
0.117182
0.117179
0.117177
0.117175
0.117174
0.117173
0.117172
0.117171
0.117171
0.11717
0.117169
0.117169
0.117167
0.117166
0.117164
0.117162
0.11716
0.117157
0.117154
0.11715
0.117146
0.117141
0.117136
0.117131
0.117125
0.117119
0.117112
0.117106
0.117099
0.117092
0.117086
0.117079
0.117071
0.117064
0.117057
0.117049
0.117042
0.117034
0.117026
0.117018
0.117009
0.117
0.11699
0.11698
0.116969
0.116958
0.116946
0.116933
0.11692
0.116906
0.116892
0.116878
0.116863
0.116848
0.116833
0.116819
0.116805
0.116791
0.116778
0.116766
0.116755
0.116745
0.116735
0.116726
0.116719
0.116712
0.116706
0.1167
0.116696
0.116692
0.116689
0.116686
0.116684
0.116683
0.116682
0.116681
0.116681
0.116682
0.116682
0.116684
0.116685
0.116686
0.116688
0.11669
0.116692
0.116694
0.116696
0.116698
0.1167
0.116702
0.116704
0.116706
0.116707
0.116709
0.11671
0.116711
0.116712
0.116713
0.116714
0.116714
0.116715
0.116715
0.116715
0.116715
0.116715
0.116714
0.116714
0.116713
0.116712
0.116711
0.11671
0.116709
0.116707
0.116705
0.116703
0.116701
0.116699
0.116696
0.116693
0.11669
0.116687
0.116683
0.116679
0.116675
0.116671
0.116667
0.116662
0.116658
0.116653
0.116649
0.116644
0.11664
0.116636
0.116632
0.116628
0.116625
0.116622
0.116619
0.116617
0.116615
0.116613
0.116612
0.116611
0.11661
0.116609
0.116609
0.116608
0.116608
0.116607
0.116606
0.116605
0.116604
0.116602
0.1166
0.116597
0.116594
0.116591
0.116587
0.116583
0.116578
0.116573
0.116568
0.116562
0.116557
0.116552
0.116547
0.116542
0.116537
0.116533
0.11653
0.116526
0.116524
0.116521
0.11652
0.116518
0.116517
0.116517
0.116517
0.116517
0.116517
0.116518
0.116519
0.11652
0.11652
0.116521
0.116522
0.116523
0.116523
0.116524
0.116524
0.116523
0.116523
0.116521
0.11652
0.116518
0.116515
0.116512
0.116509
0.116505
0.1165
0.116495
0.11649
0.116485
0.116479
0.116474
0.116468
0.116463
0.116458
0.116453
0.116449
0.116445
0.116442
0.116439
0.116437
0.116435
0.116434
0.116434
0.116433
0.116433
0.116434
0.116435
0.116435
0.116436
0.116437
0.116437
0.116437
0.116437
0.116436
0.116434
0.116432
0.116429
0.116424
0.116419
0.116413
0.116406
0.116398
0.11639
0.11638
0.116371
0.116362
0.116352
0.116343
0.116335
0.116327
0.11632
0.116314
0.11631
0.116306
0.116303
0.116301
0.1163
0.116301
0.116301
0.116303
0.116305
0.116308
0.11631
0.116314
0.116317
0.11632
0.116323
0.116326
0.116328
0.116329
0.11633
0.11633
0.116328
0.116325
0.116321
0.116315
0.116307
0.116298
0.116288
0.116276
0.116262
0.116248
0.116234
0.116219
0.116204
0.116189
0.116176
0.116162
0.116151
0.11614
0.11613
0.116122
0.116115
0.11611
0.116106
0.116103
0.1161
0.116099
0.116099
0.116099
0.116099
0.1161
0.116101
0.116102
0.116103
0.116103
0.116104
0.116104
0.116104
0.116104
0.116104
0.116103
0.116102
0.116101
0.1161
0.116098
0.116097
0.116095
0.116093
0.116091
0.116088
0.116086
0.116082
0.116079
0.116075
0.11607
0.116065
0.116059
0.116052
0.116045
0.116037
0.116027
0.116018
0.116007
0.115996
0.115985
0.115973
0.115962
0.11595
0.115939
0.115928
0.115918
0.115908
0.115899
0.115891
0.115884
0.115878
0.115873
0.115869
0.115865
0.115863
0.115861
0.11586
0.115859
0.11586
0.11586
0.115861
0.115862
0.115863
0.115865
0.115867
0.115868
0.11587
0.115871
0.115873
0.115874
0.115875
0.115876
0.115876
0.115876
0.115876
0.115875
0.115873
0.115871
0.115868
0.115865
0.115861
0.115856
0.115851
0.115846
0.11584
0.115833
0.115826
0.115818
0.11581
0.115801
0.115792
0.115783
0.115773
0.115763
0.115753
0.115742
0.115732
0.115721
0.11571
0.1157
0.11569
0.11568
0.115671
0.115662
0.115654
0.115646
0.115639
0.115633
0.115628
0.115624
0.11562
0.115617
0.115614
0.115612
0.115611
0.115609
0.115609
0.115608
0.115608
0.115607
0.115607
0.115607
0.115608
0.115608
0.115608
0.115608
0.115609
0.115609
0.115609
0.115609
0.11561
0.11561
0.11561
0.115609
0.115609
0.115608
0.115608
0.115607
0.115606
0.115604
0.115603
0.115601
0.1156
0.115598
0.115595
0.115593
0.115591
0.115588
0.115586
0.115583
0.11558
0.115576
0.115573
0.115569
0.115565
0.115561
0.115557
0.115552
0.115547
0.115541
0.115535
0.115528
0.115521
0.115513
0.115505
0.115497
0.115488
0.115479
0.11547
0.11546
0.115449
0.115439
0.115428
0.115417
0.115406
0.115395
0.115384
0.115373
0.115362
0.115352
0.115342
0.115333
0.115324
0.115316
0.115309
0.115304
0.115299
0.115295
0.115293
0.115291
0.11529
0.11529
0.115291
0.115292
0.115293
0.115295
0.115297
0.115299
0.115301
0.115302
0.115303
0.115304
0.115304
0.115304
0.115303
0.115301
0.115299
0.115296
0.115293
0.115289
0.115284
0.115279
0.115274
0.115269
0.115264
0.115259
0.115254
0.115249
0.115245
0.115241
0.115238
0.115235
0.115233
0.115231
0.115229
0.115228
0.115227
0.115226
0.115225
0.115225
0.115225
0.115224
0.115223
0.115223
0.115222
0.11522
0.115218
0.115216
0.115213
0.11521
0.115207
0.115203
0.115199
0.115194
0.11519
0.115185
0.11518
0.115175
0.11517
0.115166
0.115161
0.115157
0.115153
0.11515
0.115147
0.115144
0.115142
0.11514
0.115138
0.115137
0.115136
0.115135
0.115134
0.115133
0.115133
0.115132
0.115131
0.115131
0.11513
0.115129
0.115128
0.115127
0.115125
0.115124
0.115122
0.11512
0.115118
0.115116
0.115113
0.115111
0.115108
0.115105
0.115103
0.1151
0.115097
0.115094
0.115091
0.115088
0.115085
0.115082
0.115079
0.115076
0.115074
0.115071
0.115068
0.115066
0.115063
0.115061
0.115058
0.115056
0.115054
0.115051
0.115049
0.115047
0.115046
0.115044
0.115042
0.115041
0.115039
0.115038
0.115037
0.115037
0.115036
0.115036
0.115036
0.115036
0.115037
0.115038
0.115039
0.11504
0.115042
0.115044
0.115047
0.115049
0.115052
0.115056
0.115059
0.115063
0.115066
0.11507
0.115074
0.115078
0.115082
0.115085
0.115088
0.11509
0.115092
0.115093
0.115093
0.115091
0.115089
0.115085
0.11508
0.115073
0.115065
0.115055
0.115044
0.115031
0.115017
0.115002
0.114986
0.114969
0.114952
0.114934
0.114916
0.114899
0.114881
0.114865
0.114849
0.114834
0.114819
0.114806
0.114793
0.114782
0.114771
0.114761
0.114752
0.114744
0.114737
0.11473
0.114724
0.114718
0.114713
0.114709
0.114705
0.114701
0.114698
0.114695
0.114693
0.11469
0.114688
0.114686
0.114684
0.114683
0.114681
0.11468
0.114678
0.114677
0.114676
0.114674
0.114673
0.114671
0.11467
0.114668
0.114667
0.114665
0.114663
0.114662
0.11466
0.114659
0.114657
0.114656
0.114655
0.114654
0.114653
0.114652
0.114652
0.114651
0.114651
0.114651
0.114651
0.114651
0.114651
0.114651
0.114651
0.114651
0.114651
0.11465
0.11465
0.11465
0.114649
0.114649
0.114648
0.114646
0.114645
0.114644
0.114642
0.11464
0.114638
0.114635
0.114633
0.11463
0.114628
0.114625
0.114623
0.11462
0.114618
0.114616
0.114613
0.114612
0.11461
0.114609
0.114608
0.114607
0.114606
0.114606
0.114605
0.114605
0.114605
0.114605
0.114605
0.114605
0.114605
0.114604
0.114604
0.114603
0.114602
0.114601
0.114599
0.114596
0.114594
0.11459
0.114587
0.114582
0.114577
0.114572
0.114566
0.114559
0.114552
0.114544
0.114536
0.114528
0.114519
0.11451
0.114501
0.114492
0.114483
0.114474
0.114465
0.114456
0.114448
0.11444
0.114432
0.114424
0.114417
0.11441
0.114403
0.114396
0.11439
0.114384
0.114378
0.114372
0.114367
0.114362
0.114357
0.114353
0.114349
0.114345
0.114341
0.114338
0.114335
0.114333
0.11433
0.114329
0.114327
0.114325
0.114324
0.114323
0.114322
0.114322
0.114321
0.11432
0.11432
0.114319
0.114319
0.114318
0.114317
0.114317
0.114316
0.114315
0.114314
0.114313
0.114312
0.114312
0.114311
0.11431
0.114309
0.114308
0.114308
0.114307
0.114306
0.114306
0.114305
0.114304
0.114304
0.114303
0.114302
0.114302
0.114301
0.1143
0.114298
0.114297
0.114295
0.114293
0.114291
0.114289
0.114286
0.114283
0.11428
0.114276
0.114272
0.114267
0.114263
0.114258
0.114253
0.114248
0.114242
0.114236
0.114231
0.114225
0.114219
0.114213
0.114207
0.114201
0.114195
0.11419
0.114184
0.114179
0.114174
0.114169
0.114164
0.11416
0.114156
0.114152
0.114149
0.114146
0.114143
0.114141
0.114139
0.114137
0.114136
0.114135
0.114134
0.114134
0.114133
0.114133
0.114133
0.114133
0.114133
0.114133
0.114133
0.114134
0.114134
0.114134
0.114134
0.114134
0.114135
0.114135
0.114135
0.114134
0.114134
0.114134
0.114133
0.114133
0.114132
0.114131
0.11413
0.114129
0.114128
0.114127
0.114126
0.114125
0.114124
0.114124
0.114123
0.114123
0.114123
0.114123
0.114123
0.114123
0.114124
0.114124
0.114123
0.114123
0.114121
0.114119
0.114116
0.114112
0.114107
0.1141
0.114091
0.114082
0.11407
0.114057
0.114043
0.114027
0.114009
0.113991
0.113972
0.113952
0.113932
0.113912
0.113892
0.113873
0.113854
0.113836
0.11382
0.113805
0.113791
0.113779
0.113768
0.113759
0.113751
0.113744
0.113738
0.113733
0.113729
0.113725
0.113721
0.113718
0.113715
0.113712
0.113709
0.113705
0.113702
0.113698
0.113694
0.113689
0.113684
0.113679
0.113674
0.113668
0.113661
0.113654
0.113646
0.113638
0.113629
0.11362
0.11361
0.113599
0.113588
0.113577
0.113566
0.113554
0.113543
0.113532
0.113521
0.11351
0.1135
0.11349
0.113481
0.113472
0.113464
0.113456
0.113449
0.113442
0.113436
0.113431
0.113426
0.113421
0.113417
0.113414
0.113412
0.11341
0.113409
0.113408
0.113408
0.113409
0.113409
0.113411
0.113412
0.113413
0.113415
0.113416
0.113418
0.113418
0.113419
0.113419
0.113418
0.113417
0.113415
0.113412
0.113408
0.113404
0.113399
0.113393
0.113386
0.113378
0.113371
0.113362
0.113353
0.113344
0.113335
0.113326
0.113317
0.113309
0.1133
0.113292
0.113285
0.113278
0.113272
0.113267
0.113262
0.113258
0.113254
0.113252
0.11325
0.113248
0.113247
0.113247
0.113247
0.113247
0.113247
0.113248
0.113248
0.113249
0.113249
0.113248
0.113247
0.113246
0.113243
0.11324
0.113236
0.113231
0.113226
0.113219
0.113211
0.113203
0.113195
0.113186
0.113177
0.113168
0.113159
0.113151
0.113143
0.113135
0.113127
0.113119
0.113112
0.113105
0.113097
0.113089
0.11308
0.113072
0.113063
0.113053
0.113043
0.113034
0.113024
0.113015
0.113007
0.112999
0.112992
0.112986
0.112982
0.112978
0.112975
0.112973
0.112972
0.112972
0.112972
0.112973
0.112973
0.112974
0.112975
0.112975
0.112975
0.112975
0.112974
0.112972
0.11297
0.112967
0.112963
0.112958
0.112953
0.112947
0.11294
0.112933
0.112925
0.112917
0.112909
0.1129
0.112892
0.112884
0.112875
0.112868
0.11286
0.112854
0.112848
0.112843
0.112838
0.112835
0.112832
0.11283
0.112829
0.112829
0.112829
0.11283
0.112832
0.112834
0.112836
0.112838
0.11284
0.112841
0.112842
0.112841
0.112839
0.112836
0.112831
0.112824
0.112815
0.112804
0.112791
0.112776
0.112761
0.112744
0.112727
0.112709
0.112692
0.112676
0.112661
0.112647
0.112635
0.112624
0.112614
0.112607
0.1126
0.112595
0.112591
0.112587
0.112584
0.112581
0.112578
0.112574
0.11257
0.112565
0.112559
0.112552
0.112545
0.112536
0.112528
0.112518
0.112509
0.112499
0.11249
0.11248
0.112472
0.112464
0.112456
0.11245
0.112444
0.112439
0.112434
0.112431
0.112427
0.112425
0.112422
0.11242
0.112418
0.112417
0.112415
0.112413
0.112411
0.112409
0.112407
0.112405
0.112402
0.1124
0.112397
0.112394
0.112391
0.112388
0.112384
0.112381
0.112377
0.112374
0.11237
0.112367
0.112363
0.11236
0.112356
0.112353
0.11235
0.112346
0.112343
0.11234
0.112337
0.112333
0.11233
0.112327
0.112323
0.11232
0.112316
0.112312
0.112307
0.112303
0.112298
0.112292
0.112286
0.11228
0.112273
0.112265
0.112258
0.11225
0.112242
0.112234
0.112227
0.11222
0.112213
0.112207
0.112202
0.112197
0.112193
0.112189
0.112186
0.112184
0.112181
0.11218
0.112178
0.112176
0.112174
0.112172
0.11217
0.112168
0.112165
0.112162
0.112159
0.112155
0.112151
0.112146
0.112141
0.112136
0.112131
0.112125
0.112119
0.112113
0.112106
0.112099
0.112092
0.112084
0.112076
0.112068
0.112059
0.112051
0.112042
0.112033
0.112024
0.112016
0.112008
0.112
0.111993
0.111987
0.111981
0.111975
0.11197
0.111965
0.111961
0.111956
0.111952
0.111948
0.111943
0.111938
0.111932
0.111926
0.111919
0.111911
0.111903
0.111894
0.111885
0.111876
0.111867
0.111858
0.111849
0.111841
0.111834
0.111827
0.111821
0.111815
0.111811
0.111808
0.111806
0.111804
0.111804
0.111804
0.111805
0.111806
0.111808
0.111811
0.111814
0.111817
0.111821
0.111824
0.111828
0.111831
0.111834
0.111836
0.111838
0.11184
0.11184
0.11184
0.111838
0.111836
0.111832
0.111827
0.11182
0.111813
0.111803
0.111793
0.111782
0.11177
0.111757
