0.125886
0.125886
0.125886
0.125886
0.125886
0.125886
0.125886
0.125886
0.125886
0.125886
0.125886
0.125886
0.125886
0.125886
0.125886
0.125886
0.125886
0.125886
0.125886
0.125886
0.125886
0.125886
0.125886
0.125886
0.125886
0.125886
0.125886
0.125886
0.125886
0.125886
0.125886
0.125886
0.125886
0.125886
0.125886
0.125886
0.125886
0.125886
0.125886
0.125886
0.125886
0.125886
0.125886
0.125886
0.125886
0.125886
0.125886
0.125886
0.125886
0.125886
0.125886
0.125886
0.125886
0.125886
0.125886
0.125886
0.125886
0.125886
0.125886
0.125886
0.125886
0.125886
0.125886
0.125886
0.125886
0.125886
0.125886
0.125886
0.125886
0.125886
0.125886
0.125886
0.125886
0.125886
0.125886
0.125886
0.125886
0.125886
0.125886
0.125886
0.125886
0.125886
0.125886
0.125886
0.125886
0.125886
0.125886
0.125886
0.125886
0.125886
0.125886
0.125886
0.125886
0.125886
0.125886
0.125886
0.125886
0.125886
0.125886
0.125886
0.125886
0.125886
0.125886
0.125886
0.125886
0.125886
0.125886
0.125886
0.125886
0.125886
0.125886
0.125886
0.125886
0.125886
0.125886
0.125886
0.125886
0.125886
0.125886
0.125886
0.125886
0.125886
0.125886
0.125886
0.125886
0.125886
0.125886
0.125886
0.125886
0.125886
0.125886
0.125886
0.125886
0.125886
0.125886
0.125886
0.125886
0.125886
0.125886
0.125886
0.125886
0.125886
0.125886
0.125886
0.125886
0.125886
0.125886
0.125886
0.125886
0.125886
0.125886
0.125886
0.125886
0.125886
0.125886
0.125886
0.125886
0.125886
0.125886
0.125886
0.125885
0.125885
0.125885
0.125885
0.125885
0.125885
0.125885
0.125885
0.125885
0.125885
0.125885
0.125885
0.125885
0.125885
0.125885
0.125885
0.125885
0.125885
0.125885
0.125885
0.125885
0.125885
0.125885
0.125885
0.125885
0.125885
0.125885
0.125885
0.125885
0.125885
0.125885
0.125885
0.125885
0.125885
0.125885
0.125885
0.125885
0.125885
0.125885
0.125885
0.125885
0.125885
0.125885
0.125885
0.125885
0.125885
0.125885
0.125885
0.125885
0.125885
0.125885
0.125885
0.125885
0.125885
0.125885
0.125885
0.125885
0.125885
0.125885
0.125885
0.125885
0.125885
0.125885
0.125885
0.125885
0.125885
0.125885
0.125885
0.125885
0.125885
0.125885
0.125885
0.125885
0.125885
0.125885
0.125885
0.125885
0.125885
0.125885
0.125885
0.125885
0.125885
0.125885
0.125885
0.125885
0.125885
0.125885
0.125885
0.125885
0.125885
0.125885
0.125885
0.125885
0.125885
0.125885
0.125885
0.125885
0.125885
0.125885
0.125885
0.125885
0.125885
0.125885
0.125885
0.125885
0.125885
0.125885
0.125885
0.125885
0.125885
0.125885
0.125885
0.125885
0.125885
0.125885
0.125885
0.125885
0.125885
0.125885
0.125885
0.125885
0.125885
0.125885
0.125885
0.125885
0.125885
0.125885
0.125885
0.125885
0.125885
0.125885
0.125885
0.125885
0.125885
0.125885
0.125885
0.125885
0.125885
0.125885
0.125885
0.125885
0.125885
0.125885
0.125885
0.125885
0.125885
0.125885
0.125885
0.125885
0.125885
0.125885
0.125885
0.125886
0.125886
0.125886
0.125886
0.125886
0.125886
0.125886
0.125886
0.125886
0.125886
0.125886
0.125886
0.125886
0.125885
0.125885
0.125885
0.125885
0.125885
0.125885
0.125885
0.125885
0.125885
0.125884
0.125884
0.125884
0.125884
0.125884
0.125884
0.125884
0.125884
0.125884
0.125883
0.125883
0.125883
0.125883
0.125883
0.125883
0.125883
0.125883
0.125883
0.125883
0.125883
0.125883
0.125884
0.125884
0.125884
0.125884
0.125884
0.125884
0.125884
0.125884
0.125884
0.125884
0.125884
0.125884
0.125884
0.125884
0.125884
0.125884
0.125884
0.125884
0.125884
0.125884
0.125884
0.125884
0.125884
0.125884
0.125884
0.125884
0.125884
0.125884
0.125884
0.125884
0.125884
0.125884
0.125884
0.125884
0.125884
0.125884
0.125884
0.125884
0.125884
0.125884
0.125884
0.125884
0.125884
0.125884
0.125884
0.125884
0.125884
0.125884
0.125884
0.125884
0.125884
0.125884
0.125884
0.125884
0.125884
0.125884
0.125884
0.125884
0.125884
0.125884
0.125884
0.125884
0.125884
0.125884
0.125884
0.125884
0.125884
0.125884
0.125884
0.125884
0.125884
0.125884
0.125884
0.125884
0.125884
0.125884
0.125884
0.125884
0.125884
0.125884
0.125884
0.125884
0.125884
0.125884
0.125884
0.125884
0.125884
0.125884
0.125884
0.125884
0.125884
0.125884
0.125884
0.125884
0.125884
0.125884
0.125884
0.125884
0.125884
0.125884
0.125884
0.125884
0.125884
0.125884
0.125884
0.125884
0.125884
0.125884
0.125884
0.125884
0.125884
0.125884
0.125884
0.125884
0.125884
0.125884
0.125884
0.125884
0.125884
0.125884
0.125884
0.125884
0.125884
0.125884
0.125884
0.125884
0.125884
0.125884
0.125884
0.125884
0.125884
0.125884
0.125884
0.125884
0.125884
0.125884
0.125884
0.125884
0.125884
0.125884
0.125884
0.125884
0.125884
0.125884
0.125884
0.125884
0.125884
0.125884
0.125884
0.125884
0.125884
0.125884
0.125884
0.125884
0.125884
0.125884
0.125884
0.125884
0.125884
0.125884
0.125884
0.125884
0.125884
0.125884
0.125884
0.125884
0.125884
0.125884
0.125884
0.125884
0.125884
0.125884
0.125884
0.125884
0.125884
0.125884
0.125884
0.125884
0.125884
0.125884
0.125884
0.125884
0.125884
0.125884
0.125884
0.125884
0.125884
0.125884
0.125884
0.125884
0.125884
0.125884
0.125884
0.125884
0.125884
0.125884
0.125884
0.125884
0.125884
0.125884
0.125884
0.125884
0.125884
0.125884
0.125884
0.125884
0.125884
0.125884
0.125884
0.125884
0.125884
0.125884
0.125884
0.125884
0.125884
0.125884
0.125884
0.125884
0.125884
0.125884
0.125884
0.125884
0.125884
0.125884
0.125884
0.125884
0.125884
0.125884
0.125884
0.125884
0.125884
0.125884
0.125885
0.125885
0.125885
0.125886
0.125886
0.125886
0.125886
0.125886
0.125886
0.125886
0.125886
0.125886
0.125886
0.125885
0.125885
0.125884
0.125883
0.125883
0.125882
0.125882
0.125881
0.12588
0.12588
0.125879
0.125878
0.125878
0.125877
0.125877
0.125876
0.125876
0.125875
0.125874
0.125874
0.125873
0.125873
0.125872
0.125872
0.125871
0.12587
0.12587
0.125869
0.125868
0.125868
0.125867
0.125866
0.125866
0.125865
0.125864
0.125864
0.125864
0.125863
0.125863
0.125863
0.125863
0.125863
0.125863
0.125863
0.125863
0.125863
0.125864
0.125864
0.125864
0.125864
0.125865
0.125865
0.125865
0.125865
0.125865
0.125865
0.125865
0.125865
0.125865
0.125865
0.125865
0.125865
0.125865
0.125865
0.125865
0.125865
0.125865
0.125865
0.125865
0.125865
0.125865
0.125865
0.125865
0.125865
0.125865
0.125865
0.125865
0.125865
0.125865
0.125865
0.125865
0.125865
0.125865
0.125865
0.125865
0.125865
0.125865
0.125865
0.125865
0.125865
0.125865
0.125865
0.125865
0.125865
0.125865
0.125865
0.125865
0.125865
0.125865
0.125865
0.125865
0.125865
0.125865
0.125865
0.125865
0.125865
0.125865
0.125865
0.125865
0.125865
0.125865
0.125865
0.125865
0.125865
0.125865
0.125865
0.125865
0.125865
0.125865
0.125865
0.125865
0.125865
0.125865
0.125865
0.125865
0.125865
0.125865
0.125865
0.125865
0.125865
0.125865
0.125865
0.125865
0.125865
0.125865
0.125865
0.125865
0.125865
0.125865
0.125865
0.125865
0.125865
0.125865
0.125865
0.125865
0.125865
0.125865
0.125865
0.125865
0.125865
0.125865
0.125865
0.125865
0.125865
0.125865
0.125865
0.125865
0.125865
0.125865
0.125865
0.125865
0.125865
0.125865
0.125865
0.125865
0.125865
0.125865
0.125865
0.125865
0.125865
0.125865
0.125865
0.125865
0.125865
0.125865
0.125865
0.125865
0.125865
0.125865
0.125865
0.125865
0.125865
0.125865
0.125865
0.125865
0.125865
0.125865
0.125865
0.125865
0.125865
0.125865
0.125865
0.125865
0.125865
0.125865
0.125865
0.125865
0.125865
0.125865
0.125865
0.125865
0.125865
0.125865
0.125865
0.125865
0.125865
0.125865
0.125865
0.125865
0.125865
0.125865
0.125865
0.125865
0.125865
0.125865
0.125865
0.125865
0.125866
0.125866
0.125868
0.125869
0.12587
0.125871
0.125872
0.125873
0.125874
0.125875
0.125875
0.125875
0.125875
0.125874
0.125872
0.125871
0.125868
0.125866
0.125862
0.125859
0.125855
0.125851
0.125846
0.125842
0.125838
0.125834
0.12583
0.125827
0.125824
0.125822
0.12582
0.125818
0.125817
0.125817
0.125816
0.125817
0.125817
0.125817
0.125818
0.125819
0.12582
0.125821
0.125822
0.125823
0.125824
0.125825
0.125825
0.125825
0.125825
0.125825
0.125825
0.125825
0.125825
0.125825
0.125825
0.125825
0.125825
0.125825
0.125825
0.125825
0.125825
0.125825
0.125825
0.125825
0.125825
0.125825
0.125825
0.125825
0.125825
0.125825
0.125825
0.125825
0.125825
0.125825
0.125825
0.125825
0.125825
0.125825
0.125825
0.125825
0.125825
0.125825
0.125825
0.125825
0.125825
0.125825
0.125825
0.125825
0.125825
0.125825
0.125825
0.125825
0.125825
0.125825
0.125825
0.125825
0.125825
0.125825
0.125825
0.125825
0.125825
0.125825
0.125825
0.125825
0.125825
0.125825
0.125825
0.125825
0.125825
0.125825
0.125825
0.125825
0.125825
0.125825
0.125825
0.125825
0.125825
0.125825
0.125825
0.125825
0.125825
0.125825
0.125825
0.125825
0.125825
0.125825
0.125825
0.125825
0.125825
0.125825
0.125825
0.125825
0.125825
0.125825
0.125825
0.125825
0.125825
0.125825
0.125825
0.125825
0.125825
0.125825
0.125825
0.125825
0.125825
0.125825
0.125825
0.125825
0.125825
0.125825
0.125825
0.125825
0.125825
0.125825
0.125825
0.125825
0.125825
0.125825
0.125825
0.125825
0.125825
0.125825
0.125825
0.125825
0.125825
0.125825
0.125825
0.125825
0.125825
0.125825
0.125825
0.125825
0.125825
0.125825
0.125825
0.125825
0.125825
0.125825
0.125825
0.125825
0.125825
0.125825
0.125825
0.125825
0.125825
0.125825
0.125826
0.125826
0.125826
0.125826
0.125826
0.125826
0.125826
0.125826
0.125826
0.125825
0.125825
0.125825
0.125825
0.125825
0.125825
0.125825
0.125825
0.125824
0.125824
0.125824
0.125824
0.125824
0.125823
0.125823
0.125823
0.125823
0.125823
0.125823
0.125823
0.125823
0.125823
0.125823
0.125822
0.125822
0.125822
0.125823
0.125823
0.125823
0.125823
0.125823
0.125823
0.125823
0.125823
0.125823
0.125823
0.125823
0.125823
0.125823
0.125823
0.125823
0.125823
0.125823
0.125823
0.125823
0.125823
0.125823
0.125823
0.125823
0.125823
0.125823
0.125823
0.125823
0.125823
0.125823
0.125823
0.125823
0.125823
0.125823
0.125823
0.125823
0.125823
0.125823
0.125823
0.125823
0.125823
0.125823
0.125823
0.125823
0.125823
0.125823
0.125823
0.125823
0.125823
0.125823
0.125823
0.125823
0.125823
0.125823
0.125823
0.125823
0.125823
0.125823
0.125823
0.125823
0.125823
0.125823
0.125823
0.125823
0.125823
0.125823
0.125823
0.125823
0.125823
0.125823
0.125823
0.125823
0.125823
0.125823
0.125823
0.125823
0.125823
0.125823
0.125823
0.125823
0.125823
0.125823
0.125823
0.125823
0.125823
0.125823
0.125823
0.125823
0.125823
0.125823
0.125823
0.125823
0.125823
0.125823
0.125823
0.125823
0.125823
0.125823
0.125823
0.125823
0.125823
0.125823
0.125823
0.125823
0.125823
0.125823
0.125823
0.125823
0.125823
0.125823
0.125823
0.125823
0.125823
0.125823
0.125823
0.125823
0.125823
0.125823
0.125823
0.125823
0.125823
0.125823
0.125823
0.125823
0.125823
0.125823
0.125823
0.125823
0.125823
0.125823
0.125823
0.125823
0.125823
0.125823
0.125823
0.125823
0.125823
0.125823
0.125823
0.125823
0.125823
0.125823
0.125823
0.125823
0.125823
0.125823
0.125823
0.125823
0.125823
0.125823
0.125823
0.125823
0.125823
0.125823
0.125823
0.125823
0.125823
0.125823
0.125823
0.125823
0.125823
0.125823
0.125823
0.125823
0.125823
0.125823
0.125823
0.125823
0.125823
0.125823
0.125823
0.125823
0.125823
0.125823
0.125823
0.125823
0.125823
0.125823
0.125823
0.125823
0.125823
0.125823
0.125823
0.125823
0.125823
0.125823
0.125823
0.125823
0.125823
0.125823
0.125823
0.125823
0.125823
0.125823
0.125823
0.125823
0.125823
0.125823
0.125823
0.125823
0.125823
0.125823
0.125823
0.125824
0.125824
0.125825
0.125825
0.125826
0.125826
0.125827
0.125827
0.125827
0.125827
0.125827
0.125827
0.125827
0.125826
0.125826
0.125825
0.125823
0.125822
0.125821
0.125819
0.125817
0.125815
0.125814
0.125812
0.12581
0.125809
0.125807
0.125806
0.125805
0.125804
0.125803
0.125803
0.125803
0.125803
0.125803
0.125803
0.125803
0.125803
0.125804
0.125804
0.125805
0.125805
0.125806
0.125806
0.125806
0.125806
0.125806
0.125806
0.125806
0.125806
0.125806
0.125806
0.125806
0.125806
0.125806
0.125806
0.125806
0.125806
0.125806
0.125806
0.125806
0.125806
0.125806
0.125806
0.125806
0.125806
0.125806
0.125806
0.125806
0.125806
0.125806
0.125806
0.125806
0.125806
0.125806
0.125806
0.125806
0.125806
0.125806
0.125806
0.125806
0.125806
0.125806
0.125806
0.125806
0.125806
0.125806
0.125806
0.125806
0.125806
0.125806
0.125806
0.125806
0.125806
0.125806
0.125806
0.125806
0.125806
0.125806
0.125806
0.125806
0.125806
0.125807
0.125807
0.125807
0.125807
0.125807
0.125808
0.125808
0.125808
0.125808
0.125808
0.125808
0.125808
0.125808
0.125808
0.125808
0.125808
0.125807
0.125807
0.125806
0.125806
0.125806
0.125805
0.125804
0.125804
0.125803
0.125803
0.125802
0.125802
0.125801
0.125801
0.1258
0.1258
0.125799
0.125799
0.125799
0.125799
0.125799
0.125799
0.125799
0.125799
0.125799
0.125799
0.125799
0.125799
0.125799
0.1258
0.1258
0.1258
0.1258
0.1258
0.1258
0.1258
0.1258
0.1258
0.1258
0.1258
0.1258
0.1258
0.1258
0.1258
0.1258
0.1258
0.1258
0.1258
0.1258
0.1258
0.1258
0.1258
0.1258
0.1258
0.1258
0.1258
0.1258
0.1258
0.1258
0.1258
0.1258
0.1258
0.1258
0.1258
0.1258
0.1258
0.1258
0.1258
0.1258
0.125801
0.125801
0.125801
0.125802
0.125802
0.125802
0.125803
0.125803
0.125803
0.125803
0.125803
0.125803
0.125803
0.125803
0.125802
0.125802
0.125801
0.1258
0.125799
0.125798
0.125797
0.125796
0.125795
0.125794
0.125792
0.125791
0.12579
0.125789
0.125789
0.125788
0.125787
0.125787
0.125786
0.125786
0.125786
0.125786
0.125786
0.125786
0.125787
0.125787
0.125787
0.125787
0.125788
0.125788
0.125788
0.125789
0.125789
0.125789
0.125789
0.125789
0.125789
0.125789
0.125789
0.125789
0.125789
0.125789
0.125789
0.125789
0.125789
0.125789
0.125789
0.125789
0.125789
0.125789
0.125789
0.125789
0.125789
0.125789
0.125789
0.125789
0.125789
0.125789
0.125789
0.125789
0.125789
0.125789
0.125789
0.125789
0.125789
0.125789
0.125789
0.125789
0.125789
0.125789
0.125789
0.125789
0.125789
0.125789
0.125789
0.125789
0.125789
0.125789
0.125789
0.125789
0.125789
0.125789
0.125789
0.125789
0.125789
0.125789
0.125789
0.125789
0.125789
0.125789
0.125789
0.125789
0.125789
0.125789
0.125789
0.125789
0.125789
0.125789
0.125789
0.125789
0.125789
0.125789
0.125789
0.125789
0.125789
0.125789
0.125789
0.125789
0.125789
0.125789
0.125789
0.125789
0.125789
0.125789
0.125789
0.125789
0.125789
0.125789
0.125789
0.125789
0.125789
0.125789
0.125789
0.125789
0.125789
0.125789
0.125789
0.125789
0.125789
0.125789
0.125789
0.125789
0.125789
0.125789
0.125789
0.125789
0.125789
0.125789
0.125789
0.125789
0.125789
0.125789
0.125789
0.125789
0.125789
0.125789
0.125789
0.125789
0.125789
0.125789
0.125789
0.125789
0.125789
0.125789
0.125788
0.125788
0.125788
0.125788
0.125788
0.125788
0.125788
0.125788
0.125788
0.125788
0.125788
0.125788
0.125788
0.125788
0.125788
0.125788
0.125788
0.125788
0.125788
0.125788
0.125788
0.125788
0.125788
0.125788
0.125788
0.125788
0.125788
0.125788
0.125788
0.125788
0.125788
0.125788
0.125788
0.125788
0.125788
0.125788
0.125788
0.125788
0.125788
0.125788
0.125788
0.125788
0.125788
0.125788
0.125788
0.125788
0.125788
0.125788
0.125788
0.125788
0.125788
0.125788
0.125788
0.125788
0.125788
0.125788
0.125788
0.125788
0.125788
0.125788
0.125788
0.125788
0.125788
0.125788
0.125788
0.125788
0.125788
0.125788
0.125788
0.125788
0.125788
0.125788
0.125788
0.125788
0.125788
0.125788
0.125788
0.125788
0.125788
0.125788
0.125788
0.125788
0.125788
0.125788
0.125788
0.125788
0.125788
0.125788
0.125788
0.125788
0.125788
0.125788
0.125788
0.125788
0.125788
0.125788
0.125788
0.125788
0.125788
0.125788
0.125788
0.125788
0.125788
0.125788
0.125788
0.125788
0.125788
0.125788
0.125788
0.125788
0.125788
0.125788
0.125788
0.125788
0.125788
0.125788
0.125788
0.125788
0.125788
0.125788
0.125788
0.125788
0.125788
0.125788
0.125788
0.125788
0.125788
0.125788
0.125788
0.125788
0.125788
0.125788
0.125788
0.125788
0.125788
0.125788
0.125788
0.125788
0.125788
0.125788
0.125788
0.125788
0.125788
0.125788
0.125788
0.125788
0.125788
0.125788
0.125788
0.125788
0.125788
0.125788
0.125788
0.125788
0.125788
0.125788
0.125788
0.125788
0.125788
0.125788
0.125788
0.125788
0.125788
0.125788
0.125788
0.125788
0.125788
0.125788
0.125788
0.125788
0.125788
0.125788
0.125788
0.125788
0.125788
0.125788
0.125788
0.125788
0.125788
0.125788
0.125788
0.125788
0.125788
0.125788
0.125788
0.125788
0.125788
0.125788
0.125788
0.125788
0.125788
0.125788
0.125788
0.125788
0.125788
0.125788
0.125788
0.125788
0.125788
0.125788
0.125788
0.125788
0.125788
0.125788
0.125788
0.125788
0.125788
0.125788
0.125788
0.125788
0.125788
0.125788
0.125788
0.125788
0.125788
0.125788
0.125788
0.125788
0.125788
0.125788
0.125788
0.125788
0.125788
0.125788
0.125788
0.125788
0.125788
0.125788
0.125788
0.125788
0.125788
0.125788
0.125788
0.125788
0.125788
0.125788
0.125788
0.125788
0.125788
0.125788
0.125788
0.125788
0.125788
0.125788
0.125788
0.125788
0.125788
0.125788
0.125788
0.125788
0.125788
0.125788
0.125788
0.125788
0.125788
0.125788
0.125788
0.125788
0.125788
0.125788
0.125788
0.125788
0.125788
0.125788
0.125788
0.125788
0.125788
0.125788
0.125788
0.125788
0.125788
0.125788
0.125788
0.125788
0.125788
0.125788
0.125788
0.125788
0.125788
0.125788
0.125788
0.125788
0.125788
0.125788
0.125788
0.125788
0.125788
0.125788
0.125788
0.125788
0.125788
0.125788
0.125788
0.125788
0.125788
0.125788
0.125788
0.125788
0.125788
0.125788
0.125788
0.125788
0.125788
0.125788
0.125788
0.125788
0.125788
0.125788
0.125788
0.125788
0.125788
0.125788
0.125788
0.125788
0.125788
0.125788
0.125788
0.125788
0.125788
0.125788
0.125788
0.125788
0.125788
0.125788
0.125788
0.125789
0.125789
0.12579
0.125791
0.125792
0.125793
0.125793
0.125794
0.125795
0.125795
0.125795
0.125795
0.125795
0.125794
0.125793
0.125792
0.12579
0.125788
0.125785
0.125782
0.125779
0.125776
0.125773
0.125771
0.125768
0.125766
0.125764
0.125762
0.12576
0.125759
0.125758
0.125758
0.125757
0.125757
0.125757
0.125757
0.125757
0.125758
0.125758
0.125758
0.125758
0.125758
0.125757
0.125757
0.125756
0.125756
0.125755
0.125754
0.125753
0.125752
0.125752
0.125751
0.12575
0.12575
0.12575
0.12575
0.125749
0.125749
0.125749
0.125749
0.12575
0.12575
0.12575
0.12575
0.125751
0.125751
0.125751
0.125752
0.125752
0.125752
0.125752
0.125752
0.125752
0.125752
0.125752
0.125752
0.125752
0.125752
0.125752
0.125752
