0.122045
0.122045
0.122045
0.122044
0.122044
0.122044
0.122044
0.122044
0.122044
0.122044
0.122043
0.122043
0.122043
0.122043
0.122043
0.122043
0.122042
0.122042
0.122042
0.122042
0.122042
0.122042
0.122042
0.122041
0.122041
0.122041
0.122041
0.122041
0.122041
0.122041
0.12204
0.12204
0.12204
0.12204
0.12204
0.12204
0.122039
0.122039
0.122039
0.122039
0.122039
0.122039
0.122038
0.122038
0.122038
0.122038
0.122038
0.122038
0.122038
0.122037
0.122037
0.122037
0.122037
0.122037
0.122037
0.122036
0.122036
0.122036
0.122036
0.122036
0.122036
0.122035
0.122035
0.122035
0.122035
0.122035
0.122035
0.122035
0.122034
0.122034
0.122034
0.122034
0.122034
0.122034
0.122034
0.122033
0.122033
0.122033
0.122033
0.122033
0.122033
0.122033
0.122033
0.122032
0.122032
0.122032
0.122032
0.122032
0.122032
0.122032
0.122032
0.122032
0.122032
0.122032
0.122031
0.122031
0.122031
0.122031
0.122031
0.122031
0.122031
0.122031
0.122031
0.122031
0.122031
0.122031
0.122031
0.122031
0.122031
0.122031
0.122032
0.122032
0.122032
0.122032
0.122032
0.122032
0.122032
0.122032
0.122033
0.122033
0.122033
0.122033
0.122033
0.122034
0.122034
0.122034
0.122034
0.122035
0.122035
0.122035
0.122035
0.122035
0.122036
0.122036
0.122036
0.122036
0.122036
0.122037
0.122037
0.122037
0.122037
0.122037
0.122037
0.122037
0.122036
0.122036
0.122036
0.122036
0.122035
0.122035
0.122034
0.122034
0.122033
0.122032
0.122032
0.122031
0.12203
0.122029
0.122028
0.122026
0.122025
0.122024
0.122023
0.122021
0.12202
0.122018
0.122017
0.122015
0.122014
0.122012
0.122011
0.12201
0.122008
0.122007
0.122006
0.122004
0.122003
0.122002
0.122001
0.122
0.121999
0.121998
0.121998
0.121997
0.121996
0.121996
0.121996
0.121995
0.121995
0.121995
0.121995
0.121995
0.121995
0.121995
0.121995
0.121995
0.121995
0.121995
0.121996
0.121996
0.121996
0.121996
0.121997
0.121997
0.121997
0.121997
0.121998
0.121998
0.121998
0.121998
0.121998
0.121998
0.121998
0.121998
0.121997
0.121997
0.121996
0.121996
0.121995
0.121995
0.121994
0.121993
0.121992
0.121991
0.12199
0.121989
0.121988
0.121987
0.121985
0.121984
0.121983
0.121982
0.12198
0.121979
0.121978
0.121976
0.121975
0.121974
0.121973
0.121972
0.121971
0.12197
0.121969
0.121968
0.121967
0.121966
0.121966
0.121965
0.121964
0.121964
0.121964
0.121963
0.121963
0.121963
0.121963
0.121963
0.121962
0.121962
0.121963
0.121963
0.121963
0.121963
0.121963
0.121963
0.121964
0.121964
0.121964
0.121965
0.121965
0.121966
0.121966
0.121967
0.121967
0.121968
0.121968
0.121969
0.121969
0.12197
0.121971
0.121971
0.121972
0.121972
0.121973
0.121974
0.121974
0.121975
0.121976
0.121976
0.121977
0.121977
0.121978
0.121979
0.121979
0.121979
0.12198
0.12198
0.12198
0.12198
0.12198
0.121979
0.121979
0.121978
0.121978
0.121977
0.121976
0.121975
0.121973
0.121972
0.12197
0.121968
0.121966
0.121964
0.121962
0.121959
0.121956
0.121954
0.121951
0.121948
0.121945
0.121942
0.121939
0.121936
0.121933
0.121929
0.121926
0.121923
0.12192
0.121917
0.121914
0.121911
0.121908
0.121905
0.121902
0.121899
0.121897
0.121894
0.121892
0.12189
0.121888
0.121886
0.121884
0.121882
0.121881
0.12188
0.121879
0.121878
0.121877
0.121877
0.121877
0.121876
0.121876
0.121876
0.121877
0.121877
0.121877
0.121877
0.121878
0.121878
0.121878
0.121878
0.121878
0.121878
0.121877
0.121877
0.121876
0.121875
0.121874
0.121873
0.121871
0.121869
0.121867
0.121865
0.121862
0.121859
0.121856
0.121853
0.12185
0.121847
0.121844
0.121841
0.121838
0.121835
0.121832
0.121829
0.121827
0.121824
0.121822
0.12182
0.121819
0.121817
0.121816
0.121815
0.121814
0.121814
0.121814
0.121814
0.121814
0.121814
0.121815
0.121815
0.121816
0.121817
0.121818
0.121819
0.12182
0.121821
0.121822
0.121823
0.121824
0.121826
0.121826
0.121827
0.121828
0.121829
0.12183
0.12183
0.12183
0.121831
0.121831
0.121831
0.12183
0.12183
0.121829
0.121828
0.121827
0.121826
0.121825
0.121823
0.121821
0.121819
0.121817
0.121815
0.121813
0.12181
0.121808
0.121806
0.121803
0.1218
0.121798
0.121796
0.121793
0.121791
0.121788
0.121786
0.121784
0.121782
0.121781
0.121779
0.121777
0.121776
0.121775
0.121773
0.121772
0.121771
0.121771
0.12177
0.121769
0.121768
0.121768
0.121767
0.121767
0.121766
0.121765
0.121764
0.121764
0.121763
0.121762
0.121761
0.121759
0.121758
0.121757
0.121755
0.121753
0.121751
0.121749
0.121747
0.121745
0.121743
0.121741
0.121738
0.121736
0.121734
0.121731
0.121729
0.121727
0.121725
0.121723
0.121721
0.121719
0.121718
0.121716
0.121715
0.121713
0.121712
0.121711
0.12171
0.12171
0.121709
0.121708
0.121708
0.121708
0.121707
0.121707
0.121707
0.121707
0.121707
0.121707
0.121707
0.121707
0.121707
0.121707
0.121707
0.121707
0.121708
0.121708
0.121708
0.121708
0.121708
0.121708
0.121708
0.121708
0.121708
0.121708
0.121708
0.121708
0.121708
0.121708
0.121708
0.121708
0.121708
0.121708
0.121708
0.121708
0.121708
0.121708
0.121708
0.121708
0.121708
0.121708
0.121708
0.121708
0.121708
0.121708
0.121708
0.121708
0.121708
0.121708
0.121708
0.121708
0.121708
0.121708
0.121708
0.121708
0.121708
0.121708
0.121708
0.121708
0.121708
0.121708
0.121708
0.121708
0.121708
0.121708
0.121708
0.121708
0.121708
0.121708
0.121708
0.121707
0.121707
0.121707
0.121707
0.121706
0.121706
0.121706
0.121705
0.121705
0.121704
0.121704
0.121703
0.121702
0.121701
0.121701
0.1217
0.121699
0.121698
0.121697
0.121696
0.121695
0.121694
0.121693
0.121692
0.121691
0.12169
0.121689
0.121688
0.121687
0.121686
0.121685
0.121684
0.121683
0.121682
0.121682
0.121681
0.12168
0.12168
0.121679
0.121679
0.121679
0.121678
0.121678
0.121678
0.121678
0.121677
0.121677
0.121677
0.121677
0.121677
0.121677
0.121677
0.121676
0.121676
0.121676
0.121675
0.121675
0.121674
0.121674
0.121673
0.121672
0.121671
0.121669
0.121668
0.121666
0.121665
0.121663
0.121661
0.121659
0.121657
0.121655
0.121653
0.121651
0.121648
0.121646
0.121644
0.121642
0.12164
0.121638
0.121636
0.121634
0.121632
0.121631
0.12163
0.121628
0.121627
0.121627
0.121626
0.121625
0.121625
0.121625
0.121625
0.121625
0.121625
0.121626
0.121626
0.121627
0.121628
0.121629
0.12163
0.121631
0.121632
0.121633
0.121634
0.121635
0.121636
0.121637
0.121638
0.121639
0.12164
0.12164
0.121641
0.121641
0.121642
0.121642
0.121642
0.121641
0.121641
0.12164
0.121639
0.121637
0.121636
0.121634
0.121632
0.121629
0.121627
0.121624
0.12162
0.121617
0.121614
0.12161
0.121606
0.121602
0.121598
0.121595
0.121591
0.121587
0.121583
0.121579
0.121576
0.121572
0.121569
0.121566
0.121563
0.12156
0.121558
0.121555
0.121553
0.121551
0.12155
0.121548
0.121547
0.121546
0.121545
0.121544
0.121544
0.121543
0.121543
0.121543
0.121543
0.121543
0.121543
0.121543
0.121544
0.121544
0.121545
0.121546
0.121546
0.121547
0.121548
0.121549
0.12155
0.12155
0.121551
0.121552
0.121553
0.121554
0.121555
0.121556
0.121556
0.121557
0.121558
0.121558
0.121558
0.121559
0.121559
0.121559
0.121558
0.121558
0.121558
0.121557
0.121556
0.121555
0.121554
0.121552
0.12155
0.121548
0.121546
0.121544
0.121542
0.121539
0.121537
0.121534
0.121531
0.121528
0.121525
0.121522
0.12152
0.121517
0.121514
0.121511
0.121509
0.121507
0.121504
0.121502
0.1215
0.121499
0.121497
0.121496
0.121494
0.121493
0.121493
0.121492
0.121491
0.121491
0.12149
0.12149
0.12149
0.12149
0.12149
0.12149
0.12149
0.12149
0.121491
0.121491
0.121491
0.121491
0.121492
0.121492
0.121492
0.121493
0.121493
0.121493
0.121493
0.121494
0.121494
0.121494
0.121494
0.121495
0.121495
0.121495
0.121495
0.121495
0.121495
0.121496
0.121496
0.121496
0.121496
0.121496
0.121496
0.121496
0.121497
0.121497
0.121497
0.121497
0.121497
0.121497
0.121498
0.121498
0.121498
0.121498
0.121498
0.121498
0.121499
0.121499
0.121499
0.121499
0.121499
0.121499
0.121499
0.121499
0.121499
0.121499
0.121498
0.121498
0.121498
0.121497
0.121496
0.121496
0.121495
0.121494
0.121493
0.121492
0.12149
0.121489
0.121488
0.121486
0.121485
0.121483
0.121481
0.12148
0.121478
0.121476
0.121475
0.121473
0.121471
0.12147
0.121468
0.121466
0.121465
0.121463
0.121462
0.12146
0.121459
0.121457
0.121456
0.121454
0.121453
0.121451
0.121449
0.121447
0.121445
0.121443
0.121441
0.121439
0.121437
0.121434
0.121432
0.121429
0.121426
0.121423
0.121421
0.121417
0.121414
0.121411
0.121408
0.121405
0.121402
0.121399
0.121395
0.121392
0.121389
0.121387
0.121384
0.121381
0.121379
0.121376
0.121374
0.121372
0.12137
0.121368
0.121367
0.121365
0.121364
0.121363
0.121362
0.121361
0.121361
0.12136
0.12136
0.12136
0.12136
0.12136
0.12136
0.12136
0.12136
0.12136
0.121361
0.121361
0.121362
0.121362
0.121363
0.121363
0.121364
0.121364
0.121365
0.121365
0.121366
0.121367
0.121367
0.121368
0.121368
0.121369
0.121369
0.12137
0.12137
0.121371
0.121371
0.121372
0.121372
0.121373
0.121373
0.121374
0.121374
0.121374
0.121375
0.121375
0.121376
0.121376
0.121377
0.121377
0.121377
0.121378
0.121378
0.121379
0.121379
0.12138
0.12138
0.121381
0.121381
0.121382
0.121382
0.121382
0.121383
0.121383
0.121384
0.121384
0.121385
0.121385
0.121385
0.121385
0.121386
0.121386
0.121386
0.121386
0.121386
0.121385
0.121385
0.121385
0.121384
0.121383
0.121382
0.121381
0.121379
0.121378
0.121376
0.121374
0.121372
0.121369
0.121366
0.121363
0.12136
0.121356
0.121353
0.121349
0.121345
0.12134
0.121336
0.121332
0.121327
0.121323
0.121318
0.121314
0.121309
0.121305
0.121301
0.121297
0.121294
0.12129
0.121287
0.121284
0.121282
0.121279
0.121277
0.121276
0.121274
0.121273
0.121272
0.121271
0.12127
0.12127
0.12127
0.12127
0.12127
0.12127
0.12127
0.12127
0.121271
0.121271
0.121272
0.121272
0.121273
0.121273
0.121274
0.121274
0.121275
0.121275
0.121276
0.121276
0.121277
0.121277
0.121278
0.121278
0.121278
0.121279
0.121279
0.121279
0.121279
0.12128
0.12128
0.12128
0.12128
0.12128
0.12128
0.12128
0.12128
0.12128
0.12128
0.121281
0.121281
0.121281
0.12128
0.12128
0.12128
0.12128
0.12128
0.12128
0.12128
0.12128
0.12128
0.12128
0.12128
0.121281
0.121281
0.121281
0.121281
0.121281
0.121281
0.121281
0.121281
0.121282
0.121282
0.121282
0.121283
0.121283
0.121283
0.121284
0.121284
0.121284
0.121285
0.121285
0.121286
0.121286
0.121287
0.121287
0.121288
0.121288
0.121289
0.121289
0.121289
0.121289
0.12129
0.12129
0.12129
0.121289
0.121289
0.121289
0.121288
0.121287
0.121286
0.121285
0.121283
0.121282
0.12128
0.121278
0.121275
0.121273
0.12127
0.121268
0.121265
0.121262
0.121258
0.121255
0.121252
0.121249
0.121245
0.121242
0.121239
0.121236
0.121233
0.12123
0.121227
0.121225
0.121222
0.12122
0.121218
0.121216
0.121214
0.121213
0.121211
0.12121
0.121208
0.121207
0.121206
0.121205
0.121204
0.121203
0.121202
0.121202
0.121201
0.1212
0.121199
0.121198
0.121198
0.121197
0.121196
0.121195
0.121195
0.121194
0.121193
0.121192
0.121192
0.121191
0.12119
0.12119
0.121189
0.121189
0.121189
0.121188
0.121188
0.121188
0.121188
0.121188
0.121188
0.121188
0.121189
0.121189
0.12119
0.12119
0.121191
0.121192
0.121192
0.121193
0.121194
0.121195
0.121196
0.121197
0.121198
0.121199
0.1212
0.1212
0.121201
0.121202
0.121202
0.121202
0.121202
0.121202
0.121201
0.1212
0.121199
0.121197
0.121196
0.121194
0.121191
0.121188
0.121185
0.121182
0.121179
0.121175
0.121171
0.121168
0.121164
0.12116
0.121156
0.121152
0.121148
0.121145
0.121141
0.121138
0.121135
0.121132
0.12113
0.121127
0.121125
0.121122
0.12112
0.121118
0.121116
0.121113
0.121111
0.121109
0.121106
0.121103
0.121101
0.121097
0.121094
0.121091
0.121088
0.121084
0.12108
0.121077
0.121073
0.12107
0.121066
0.121063
0.12106
0.121057
0.121055
0.121052
0.12105
0.121048
0.121046
0.121045
0.121044
0.121043
0.121042
0.121041
0.12104
0.12104
0.121039
0.121039
0.121038
0.121037
0.121036
0.121035
0.121034
0.121033
0.121031
0.121029
0.121027
0.121025
0.121023
0.12102
0.121018
0.121015
0.121012
0.121009
0.121006
0.121003
0.121
0.120997
0.120995
0.120992
0.120989
0.120987
0.120985
0.120983
0.120981
0.120979
0.120977
0.120976
0.120975
0.120974
0.120973
0.120972
0.120972
0.120971
0.120971
0.120971
0.120971
0.120971
0.120971
0.120971
0.120971
0.120971
0.120971
0.120972
0.120972
0.120972
0.120972
0.120972
0.120973
0.120973
0.120973
0.120973
0.120973
0.120974
0.120974
0.120974
0.120974
0.120974
0.120974
0.120974
0.120974
0.120974
0.120974
0.120974
0.120974
0.120974
0.120974
0.120974
0.120975
0.120975
0.120975
0.120975
0.120975
0.120975
0.120975
0.120976
0.120976
0.120976
0.120976
0.120977
0.120977
0.120977
0.120978
0.120978
0.120979
0.120979
0.12098
0.12098
0.120981
0.120982
0.120982
0.120983
0.120983
0.120984
0.120985
0.120985
0.120986
0.120987
0.120987
0.120988
0.120988
0.120989
0.120989
0.120989
0.12099
0.12099
0.12099
0.120989
0.120989
0.120989
0.120988
0.120987
0.120986
0.120985
0.120983
0.120982
0.12098
0.120978
0.120976
0.120973
0.120971
0.120968
0.120965
0.120962
0.120958
0.120955
0.120951
0.120947
0.120944
0.120939
0.120935
0.120931
0.120927
0.120922
0.120918
0.120913
0.120909
0.120904
0.120899
0.120895
0.12089
0.120886
0.120882
0.120877
0.120873
0.120869
0.120865
0.120861
0.120858
0.120854
0.120851
0.120848
0.120845
0.120843
0.12084
0.120838
0.120836
0.120835
0.120833
0.120832
0.120831
0.12083
0.120829
0.120829
0.120828
0.120828
0.120828
0.120828
0.120828
0.120829
0.120829
0.120829
0.12083
0.12083
0.12083
0.12083
0.12083
0.12083
0.12083
0.12083
0.120829
0.120829
0.120828
0.120827
0.120826
0.120824
0.120822
0.12082
0.120818
0.120816
0.120814
0.120811
0.120808
0.120806
0.120803
0.1208
0.120797
0.120794
0.120791
0.120789
0.120786
0.120784
0.120781
0.120779
0.120777
0.120775
0.120774
0.120772
0.120771
0.12077
0.120769
0.120768
0.120767
0.120766
0.120766
0.120765
0.120765
0.120765
0.120765
0.120764
0.120764
0.120764
0.120764
0.120764
0.120764
0.120764
0.120764
0.120764
0.120764
0.120764
0.120764
0.120764
0.120764
0.120764
0.120764
0.120764
0.120764
0.120764
0.120764
0.120764
0.120764
0.120763
0.120763
0.120763
0.120763
0.120763
0.120762
0.120762
0.120762
0.120762
0.120761
0.120761
0.120761
0.120761
0.12076
0.12076
0.12076
0.12076
0.120759
0.120759
0.120759
0.120759
0.120758
0.120758
0.120758
0.120758
0.120758
0.120758
0.120758
0.120757
0.120757
0.120757
0.120757
0.120757
0.120757
0.120757
0.120757
0.120757
0.120757
0.120757
0.120757
0.120757
0.120757
0.120757
0.120757
0.120757
0.120757
0.120757
0.120757
0.120757
0.120757
0.120757
0.120757
0.120756
0.120756
0.120755
0.120755
0.120754
0.120753
0.120752
0.120751
0.12075
0.120749
0.120747
0.120746
0.120744
0.120743
0.120741
0.120739
0.120737
0.120735
0.120733
0.120731
0.120728
0.120726
0.120724
0.120722
0.12072
0.120718
0.120716
0.120714
0.120713
0.120711
0.12071
0.120708
0.120707
0.120706
0.120705
0.120705
0.120704
0.120703
0.120703
0.120703
0.120703
0.120703
0.120703
0.120703
0.120703
0.120703
0.120704
0.120704
0.120704
0.120705
0.120705
0.120706
0.120706
0.120707
0.120707
0.120707
0.120708
0.120708
0.120708
0.120708
0.120707
0.120707
0.120706
0.120706
0.120705
0.120704
0.120702
0.120701
0.120699
0.120697
0.120694
0.120692
0.120689
0.120686
0.120683
0.120679
0.120675
0.120671
0.120667
0.120662
0.120657
0.120652
0.120647
0.120642
0.120637
0.120631
0.120626
0.12062
0.120614
0.120608
0.120602
0.120597
0.120591
0.120585
0.120579
0.120574
0.120568
0.120562
0.120557
0.120552
0.120547
0.120542
0.120537
0.120533
0.120528
0.120524
0.12052
0.120516
0.120513
0.12051
0.120507
0.120504
0.120502
0.1205
0.120498
0.120497
0.120496
0.120495
0.120494
0.120494
0.120493
0.120493
0.120494
0.120494
0.120494
0.120495
0.120496
0.120497
0.120498
0.120498
0.120499
0.1205
0.120501
0.120502
0.120503
0.120503
0.120504
0.120504
0.120504
0.120504
0.120504
0.120504
0.120503
0.120503
0.120502
0.120501
0.120499
0.120498
0.120496
0.120494
0.120493
0.12049
0.120488
0.120486
0.120484
0.120482
0.120479
0.120477
0.120475
0.120473
0.120471
0.120469
0.120467
0.120466
0.120464
0.120463
0.120461
0.12046
0.120459
0.120459
0.120458
0.120458
0.120457
0.120457
0.120457
0.120457
0.120457
0.120458
0.120458
0.120458
0.120459
0.120459
0.12046
0.120461
0.120462
0.120462
0.120463
0.120464
0.120465
0.120466
0.120466
0.120467
0.120468
0.120468
0.120469
0.12047
0.12047
0.120471
0.120471
0.120471
0.120471
0.120471
0.120471
0.12047
0.12047
0.120469
0.120468
0.120467
0.120466
0.120464
0.120463
0.120461
0.120459
0.120457
0.120454
0.120452
0.120449
0.120447
0.120444
0.120441
0.120439
0.120436
0.120433
0.12043
0.120427
0.120425
0.120422
0.120419
0.120417
0.120414
0.120412
0.12041
0.120407
0.120405
0.120403
0.120401
0.120399
0.120398
0.120396
0.120394
0.120393
0.120391
0.120389
0.120388
0.120386
0.120385
0.120383
0.120382
0.120381
0.120379
0.120378
0.120376
0.120375
0.120373
0.120371
0.12037
0.120368
0.120366
0.120364
0.120361
0.120359
0.120356
0.120354
0.120351
0.120347
0.120344
0.12034
0.120336
0.120332
0.120328
0.120323
0.120318
0.120313
0.120307
0.120302
0.120296
0.12029
0.120284
0.120277
0.120271
0.120265
0.120259
0.120252
0.120246
0.12024
0.120234
0.120228
0.120223
0.120218
0.120213
0.120208
0.120204
0.1202
0.120197
0.120193
0.120191
0.120188
0.120186
0.120185
0.120184
0.120183
0.120183
0.120183
0.120183
0.120184
0.120185
0.120186
0.120187
0.120189
0.120191
0.120192
0.120194
0.120196
0.120198
0.1202
0.120202
0.120203
0.120205
0.120206
0.120207
0.120207
0.120207
0.120207
0.120207
0.120206
0.120204
0.120203
0.1202
0.120198
0.120194
0.120191
0.120187
0.120183
0.120178
0.120174
0.120169
0.120164
0.120159
0.120154
0.120149
0.120145
0.12014
0.120136
0.120132
0.120129
0.120125
0.120122
0.12012
0.120117
0.120115
0.120113
0.120112
0.12011
0.120109
0.120108
0.120107
0.120106
0.120105
0.120105
0.120104
0.120103
0.120102
0.120101
0.120101
0.1201
0.120099
0.120098
0.120096
0.120095
0.120094
0.120093
0.120091
0.12009
0.120089
0.120087
0.120086
0.120084
0.120083
0.120081
0.12008
0.120078
0.120076
0.120075
0.120073
0.120072
0.12007
0.120068
0.120066
0.120064
0.120062
0.12006
0.120058
0.120055
0.120053
0.12005
0.120047
0.120044
0.120041
0.120038
0.120034
0.120031
0.120027
0.120023
0.120019
0.120016
0.120012
0.120008
0.120004
0.120001
0.119998
0.119995
0.119992
0.11999
0.119987
0.119986
0.119984
0.119983
0.119982
0.119981
0.119981
0.119981
0.119981
0.119981
0.119982
0.119982
0.119983
0.119984
0.119984
0.119985
0.119985
0.119985
0.119986
0.119985
0.119985
0.119984
0.119983
0.119982
0.11998
0.119978
0.119975
0.119972
0.119969
0.119965
0.119961
0.119957
0.119953
0.119948
0.119943
0.119939
0.119934
0.119929
0.119924
0.119919
0.119915
0.11991
0.119906
0.119902
0.119898
0.119895
0.119892
0.119889
0.119887
0.119884
0.119882
0.119881
0.119879
0.119878
0.119877
0.119876
0.119876
0.119875
0.119875
0.119875
0.119875
0.119875
0.119875
0.119875
0.119875
0.119875
0.119875
0.119875
0.119875
0.119875
0.119874
0.119874
0.119874
0.119873
0.119873
0.119872
0.119871
0.11987
0.119869
0.119868
0.119866
0.119865
0.119863
0.119862
0.11986
0.119858
0.119856
0.119854
0.119852
0.11985
0.119848
0.119846
0.119844
0.119842
0.11984
0.119838
0.119836
0.119835
0.119833
0.119831
0.11983
0.119828
0.119827
0.119826
0.119825
0.119824
0.119823
0.119822
0.119822
0.119821
0.119821
0.119821
0.11982
0.11982
0.11982
0.11982
0.11982
0.11982
0.11982
0.119821
0.119821
0.119821
0.119821
0.119821
0.119822
0.119822
0.119822
0.119822
0.119822
0.119823
0.119823
0.119823
0.119823
0.119823
0.119823
0.119823
0.119823
0.119823
0.119823
0.119823
0.119823
0.119823
0.119823
0.119823
0.119823
0.119823
0.119823
0.119823
0.119823
0.119822
0.119822
0.119822
0.119822
0.119822
0.119822
0.119821
0.119821
0.119821
0.119821
0.11982
0.11982
0.11982
0.11982
0.11982
0.119819
0.119819
0.119819
0.119819
0.119818
0.119818
0.119818
0.119818
0.119817
0.119817
0.119817
0.119817
0.119816
0.119816
0.119816
0.119815
0.119815
0.119814
0.119814
0.119814
0.119813
0.119813
0.119812
0.119811
0.119811
0.11981
0.119809
0.119809
0.119808
0.119807
0.119806
0.119806
0.119805
0.119804
0.119803
0.119802
0.119801
0.1198
0.119799
0.119798
0.119797
0.119796
0.119795
0.119795
0.119794
0.119793
0.119792
0.119791
0.11979
0.119789
0.119789
0.119788
0.119787
0.119787
0.119786
0.119785
0.119785
0.119784
0.119784
0.119784
0.119783
0.119783
0.119782
0.119782
0.119782
0.119781
0.119781
0.119781
0.119781
0.119781
0.11978
0.11978
0.11978
0.11978
0.11978
0.11978
0.11978
0.119779
0.119779
0.119779
0.119779
0.119779
0.119779
0.119779
0.119779
0.119779
0.119779
0.119778
0.119778
0.119778
0.119778
0.119778
0.119778
0.119778
0.119778
0.119777
0.119777
0.119777
0.119777
0.119777
0.119777
0.119776
0.119776
0.119776
0.119776
0.119776
0.119776
0.119775
0.119775
0.119775
0.119775
0.119775
0.119775
0.119774
0.119774
0.119774
0.119774
0.119774
0.119774
0.119774
0.119774
0.119774
0.119773
0.119773
0.119773
0.119773
0.119773
0.119773
0.119773
0.119773
0.119774
0.119774
0.119774
0.119774
0.119774
0.119774
0.119774
0.119775
0.119775
0.119775
0.119775
0.119776
0.119776
0.119776
0.119776
0.119777
0.119777
0.119777
0.119777
0.119777
0.119778
0.119778
0.119778
0.119777
0.119777
0.119777
0.119777
0.119776
0.119775
0.119774
0.119773
0.119772
0.119771
0.119769
0.119768
0.119766
0.119764
0.119761
0.119759
0.119756
0.119754
0.119751
0.119748
0.119745
0.119742
0.119738
0.119735
0.119732
0.119729
0.119726
0.119723
0.11972
0.119717
0.119715
0.119712
0.11971
0.119708
0.119706
0.119704
0.119703
0.119701
0.1197
0.119699
0.119698
0.119698
0.119697
0.119697
0.119696
0.119696
0.119696
0.119696
0.119696
0.119696
0.119697
0.119697
0.119697
0.119697
0.119698
0.119698
0.119699
0.119699
0.1197
0.1197
0.1197
0.119701
0.119701
0.119702
0.119702
0.119703
0.119703
0.119704
0.119705
0.119705
0.119706
0.119706
0.119707
0.119707
0.119708
0.119708
0.119709
0.11971
0.11971
0.119711
0.119712
0.119712
0.119713
0.119713
0.119714
0.119715
0.119715
0.119716
0.119717
0.119717
0.119718
0.119718
0.119719
0.119719
0.119719
0.119719
0.11972
0.11972
0.11972
0.11972
0.119719
0.119719
0.119718
0.119718
0.119717
0.119716
0.119715
0.119714
0.119713
0.119711
0.11971
0.119708
0.119706
0.119704
0.119702
0.1197
0.119698
0.119695
0.119693
0.11969
0.119687
0.119684
0.119681
0.119678
0.119675
0.119672
0.119669
0.119665
0.119662
0.119658
0.119655
0.119651
0.119648
0.119644
0.11964
0.119637
0.119633
0.119629
0.119626
0.119622
0.119619
0.119615
0.119612
0.119609
0.119606
0.119603
0.1196
0.119598
0.119595
0.119593
0.119591
0.119589
0.119587
0.119586
0.119585
0.119584
0.119583
0.119582
0.119581
0.11958
0.11958
0.11958
0.119579
0.119579
0.119579
0.119579
0.119579
0.119579
0.119579
0.119579
0.119579
0.119579
0.119579
0.11958
0.11958
0.11958
0.11958
0.11958
0.11958
0.11958
0.11958
0.11958
0.119581
0.119581
0.119581
0.119581
0.119581
0.119581
0.119581
0.119581
0.119582
0.119582
0.119582
0.119582
0.119582
0.119582
0.119582
0.119581
0.119581
0.119581
0.11958
0.11958
0.119579
0.119578
0.119578
0.119577
0.119575
0.119574
0.119573
0.119571
0.11957
0.119568
0.119566
0.119564
0.119562
0.11956
0.119558
0.119555
0.119553
0.119551
0.119549
0.119547
0.119544
0.119542
0.11954
0.119538
0.119537
0.119535
0.119533
0.119532
0.119531
0.119529
0.119528
0.119528
0.119527
0.119526
0.119525
0.119525
0.119525
0.119524
0.119524
0.119524
0.119524
0.119524
0.119524
0.119524
0.119524
0.119524
0.119524
0.119524
0.119525
0.119525
0.119525
0.119525
0.119525
0.119525
0.119526
0.119526
0.119526
0.119526
0.119526
0.119527
0.119527
0.119527
0.119527
0.119528
0.119528
0.119528
0.119528
0.119529
0.119529
0.119529
0.11953
0.11953
0.11953
0.11953
0.11953
0.11953
0.11953
0.11953
0.11953
0.11953
0.119529
0.119529
0.119528
0.119527
0.119526
0.119524
0.119522
0.119521
0.119518
0.119516
0.119514
0.119511
0.119508
0.119505
0.119501
0.119498
0.119494
0.11949
0.119486
0.119482
0.119478
0.119474
0.11947
0.119467
0.119463
0.119459
0.119456
0.119452
0.119449
0.119446
0.119443
0.11944
0.119438
0.119436
0.119433
0.119431
0.119429
0.119428
0.119426
0.119424
0.119423
0.119421
0.11942
0.119418
0.119417
0.119415
0.119414
0.119412
0.119411
0.119409
0.119408
0.119406
0.119404
0.119403
0.119401
0.119399
0.119397
0.119396
0.119394
0.119392
0.119391
0.119389
0.119388
0.119386
0.119385
0.119383
0.119382
0.119381
0.11938
0.119379
0.119379
0.119378
0.119378
0.119377
0.119377
0.119377
0.119377
0.119377
0.119378
0.119378
0.119378
0.119379
0.119379
0.119379
0.11938
0.11938
0.11938
0.11938
0.11938
0.11938
0.119379
0.119379
0.119378
0.119377
0.119375
0.119374
0.119372
0.119369
0.119367
0.119364
0.119361
0.119357
0.119354
0.11935
0.119346
0.119342
0.119337
0.119333
0.119329
0.119324
0.11932
0.119316
0.119311
0.119307
0.119303
0.119299
0.119296
0.119293
0.11929
0.119287
0.119284
0.119282
0.11928
0.119278
0.119277
0.119275
0.119274
0.119273
0.119273
0.119272
0.119272
0.119272
0.119272
0.119272
0.119272
0.119272
0.119273
0.119273
0.119273
0.119274
0.119274
0.119275
0.119275
0.119276
0.119276
0.119277
0.119277
0.119278
0.119278
0.119278
0.119279
0.119279
0.119279
0.11928
0.11928
0.11928
0.11928
0.11928
0.11928
0.11928
0.11928
0.11928
0.11928
0.11928
0.11928
0.119279
0.119279
0.119279
0.119279
0.119278
0.119278
0.119278
0.119277
0.119277
0.119276
0.119276
0.119276
0.119275
0.119275
0.119274
0.119274
0.119273
0.119273
0.119272
0.119272
0.119271
0.119271
0.11927
0.11927
0.119269
0.119269
0.119269
0.119268
0.119268
0.119267
0.119267
0.119267
0.119267
0.119266
0.119266
0.119266
0.119266
0.119266
0.119265
0.119265
0.119265
0.119265
0.119266
0.119266
0.119266
0.119266
0.119266
0.119266
0.119267
0.119267
0.119267
0.119267
0.119267
0.119268
0.119268
0.119268
0.119268
0.119268
0.119267
0.119267
0.119267
0.119266
0.119265
0.119264
0.119263
0.119262
0.11926
0.119258
0.119256
0.119253
0.119251
0.119248
0.119245
0.119242
0.119239
0.119235
0.119232
0.119228
0.119224
0.11922
0.119217
0.119213
0.11921
0.119207
0.119203
0.1192
0.119198
0.119195
0.119193
0.119191
0.119189
0.119188
0.119186
0.119185
0.119184
0.119184
0.119183
0.119183
0.119182
0.119182
0.119182
0.119182
0.119182
0.119182
0.119182
0.119182
0.119182
0.119182
0.119182
0.119182
0.119182
0.119181
0.119181
0.11918
0.11918
0.119179
0.119178
0.119178
0.119177
0.119176
0.119174
0.119173
0.119172
0.119171
0.11917
0.119169
0.119167
0.119166
0.119165
0.119164
0.119163
0.119162
0.119161
0.11916
0.119159
0.119158
0.119157
0.119157
0.119156
0.119156
0.119155
0.119155
0.119154
0.119154
0.119154
0.119154
0.119154
0.119153
0.119153
0.119153
0.119153
0.119153
0.119152
0.119152
0.119151
0.119151
0.11915
0.119149
0.119148
0.119147
0.119146
0.119144
0.119143
0.119141
0.119139
0.119137
0.119134
0.119132
0.119129
0.119126
0.119123
0.11912
0.119116
0.119113
0.11911
0.119106
0.119103
0.119099
0.119096
0.119093
0.119089
0.119086
0.119083
0.119081
0.119078
0.119076
0.119073
0.119071
0.11907
0.119068
0.119067
0.119066
0.119065
0.119065
0.119064
0.119064
0.119064
0.119064
0.119064
0.119064
0.119065
0.119065
0.119065
0.119066
0.119066
0.119066
0.119066
0.119065
0.119065
0.119064
0.119063
0.119062
0.11906
0.119058
0.119055
0.119053
0.11905
0.119046
0.119042
0.119038
0.119034
0.119029
0.119025
0.11902
0.119015
0.119011
0.119006
0.119002
0.118998
0.118994
0.118991
0.118987
0.118985
0.118982
0.11898
0.118979
0.118977
0.118976
0.118976
0.118976
0.118976
0.118977
0.118977
0.118978
0.118979
0.118981
0.118982
0.118984
0.118986
0.118988
0.11899
0.118992
0.118994
0.118996
0.118998
0.119
0.119001
0.119003
0.119005
0.119007
0.119008
0.119009
0.119011
0.119012
0.119012
0.119013
0.119014
0.119014
0.119014
0.119014
0.119013
0.119012
0.119011
0.11901
0.119008
0.119006
0.119004
0.119001
0.118999
0.118995
0.118992
0.118988
0.118984
0.11898
0.118975
0.11897
0.118965
0.118959
0.118954
0.118948
0.118942
0.118935
0.118929
0.118922
0.118916
0.118909
0.118902
0.118896
0.118889
0.118882
0.118876
0.118869
0.118862
0.118856
0.11885
0.118843
0.118837
0.118831
0.118825
0.118819
0.118814
0.118808
0.118803
0.118798
0.118793
0.118788
0.118784
0.11878
0.118776
0.118772
0.118769
0.118766
0.118763
0.118761
0.118758
0.118757
0.118755
0.118754
0.118753
0.118753
0.118752
0.118752
0.118752
0.118753
0.118753
0.118754
0.118755
0.118756
0.118757
0.118758
0.118759
0.118761
0.118762
0.118763
0.118765
0.118766
0.118767
0.118769
0.11877
0.118771
0.118773
0.118774
0.118775
0.118776
0.118777
0.118778
0.118779
0.11878
0.118781
0.118781
0.118782
0.118782
0.118783
0.118783
0.118783
0.118783
0.118783
0.118783
0.118782
0.118781
0.11878
0.118779
0.118778
0.118776
0.118774
0.118772
0.11877
0.118767
0.118764
0.118761
0.118758
0.118755
0.118751
0.118748
0.118744
0.118741
0.118737
0.118733
0.11873
0.118726
0.118722
0.118719
0.118716
0.118713
0.11871
0.118707
0.118705
0.118702
0.1187
0.118698
0.118697
0.118695
0.118694
0.118693
0.118692
0.118691
0.11869
0.11869
0.11869
0.118689
0.118689
0.118689
0.118689
0.118689
0.11869
0.11869
0.11869
0.11869
0.118691
0.118691
0.118692
0.118692
0.118693
0.118693
0.118694
0.118694
0.118695
0.118695
0.118696
0.118697
0.118697
0.118698
0.118699
0.118699
0.1187
0.118701
0.118702
0.118702
0.118703
0.118704
0.118705
0.118706
0.118706
0.118707
0.118708
0.118708
0.118709
0.11871
0.11871
0.11871
0.118711
0.118711
0.118711
0.118711
0.118711
0.11871
0.11871
0.118709
0.118708
0.118707
0.118705
0.118704
0.118702
0.1187
0.118698
0.118695
0.118692
0.118689
0.118686
0.118682
0.118678
0.118674
0.118669
0.118665
0.11866
0.118655
0.11865
0.118645
0.118639
0.118634
0.118628
0.118623
0.118617
0.118612
0.118606
0.118601
0.118596
0.118591
0.118586
0.118581
0.118577
0.118573
0.118569
0.118565
0.118562
0.118559
0.118556
0.118553
0.118551
0.118549
0.118547
0.118545
0.118544
0.118543
0.118542
0.118541
0.11854
0.118539
0.118539
0.118538
0.118538
0.118538
0.118538
0.118537
0.118537
0.118537
0.118537
0.118537
0.118537
0.118537
0.118537
0.118538
0.118538
0.118538
0.118538
0.118538
0.118538
0.118538
0.118538
0.118538
0.118538
0.118538
0.118537
0.118537
0.118536
0.118535
0.118535
0.118534
0.118532
0.118531
0.11853
0.118528
0.118526
0.118524
0.118522
0.11852
0.118517
0.118515
0.118512
0.118509
0.118506
0.118503
0.1185
0.118497
0.118494
0.11849
0.118487
0.118484
0.118481
0.118478
0.118475
0.118473
0.11847
0.118468
0.118466
0.118464
0.118462
0.11846
0.118459
0.118458
0.118456
0.118455
0.118455
0.118454
0.118453
0.118453
0.118452
0.118452
0.118451
0.118451
0.11845
0.118449
0.118449
0.118448
0.118446
0.118445
0.118443
0.118442
0.11844
0.118437
0.118435
0.118432
0.118429
0.118426
0.118423
0.11842
0.118417
0.118413
0.11841
0.118407
0.118403
0.1184
0.118397
0.118394
0.118392
0.118389
0.118387
0.118385
0.118383
0.118381
0.118379
0.118378
0.118377
0.118375
0.118374
0.118373
0.118373
0.118372
0.118371
0.11837
0.11837
0.118369
0.118368
0.118368
0.118367
0.118366
0.118365
0.118364
0.118362
0.118361
0.118359
0.118357
0.118355
0.118353
0.11835
0.118347
0.118344
0.118341
0.118337
0.118333
0.118329
0.118325
0.11832
0.118315
0.11831
0.118305
0.1183
0.118295
0.118289
0.118284
0.118278
0.118273
0.118268
0.118263
0.118259
0.118255
0.118251
0.118247
0.118244
0.118241
0.118238
0.118236
0.118234
0.118233
0.118232
0.118231
0.11823
0.11823
0.11823
0.11823
0.11823
0.11823
0.11823
0.11823
0.11823
0.11823
0.11823
0.11823
0.11823
0.118229
0.118229
0.118228
0.118227
0.118226
0.118224
0.118223
0.118221
0.118219
0.118217
0.118214
0.118212
0.118209
0.118206
0.118203
0.1182
0.118197
0.118194
0.11819
0.118187
0.118183
0.118179
0.118175
0.118172
0.118168
0.118164
0.11816
0.118156
0.118152
0.118149
0.118145
0.118141
0.118137
0.118133
0.11813
0.118126
0.118123
0.11812
0.118116
0.118113
0.11811
0.118108
0.118105
0.118103
0.118101
0.118099
0.118097
0.118095
0.118094
0.118093
0.118092
0.118091
0.11809
0.11809
0.11809
0.118089
0.11809
0.11809
0.11809
0.11809
0.118091
0.118091
0.118092
0.118093
0.118094
0.118095
0.118095
0.118096
0.118097
0.118098
0.118099
0.1181
0.118101
0.118102
0.118104
0.118105
0.118106
0.118107
0.118108
0.118109
0.11811
0.118111
0.118112
0.118113
0.118114
0.118115
0.118115
0.118116
0.118117
0.118117
0.118118
0.118118
0.118118
0.118118
0.118118
0.118118
0.118117
0.118116
0.118115
0.118114
0.118113
0.118111
0.118109
0.118107
0.118104
0.118101
0.118098
0.118095
0.118091
0.118087
0.118083
0.118079
0.118075
0.118071
0.118066
0.118061
0.118057
0.118052
0.118048
0.118043
0.118039
0.118035
0.118031
0.118027
0.118024
0.11802
0.118017
0.118014
0.118011
0.118009
0.118006
0.118004
0.118002
0.118001
0.117999
0.117998
0.117997
0.117996
0.117995
0.117994
0.117993
0.117992
0.117991
0.117991
0.11799
0.117989
0.117989
0.117988
0.117988
0.117987
0.117986
0.117986
0.117985
0.117984
0.117983
0.117983
0.117982
0.117981
0.117981
0.11798
0.117979
0.117979
0.117978
0.117977
0.117977
0.117976
0.117976
0.117975
0.117974
0.117974
0.117973
0.117972
0.117972
0.117971
0.11797
0.117969
0.117968
0.117967
0.117966
0.117964
0.117963
0.117962
0.11796
0.117958
0.117956
0.117954
0.117952
0.11795
0.117948
0.117946
0.117944
0.117941
0.117939
0.117937
0.117935
0.117933
0.117931
0.117929
0.117928
0.117926
0.117925
0.117924
0.117923
0.117922
0.117921
0.117921
0.11792
0.11792
0.11792
0.11792
0.11792
0.117921
0.117921
0.117922
0.117923
0.117923
0.117924
0.117925
0.117926
0.117927
0.117928
0.117929
0.11793
0.117931
0.117931
0.117932
0.117933
0.117933
0.117934
0.117934
0.117934
0.117934
0.117934
0.117933
0.117933
0.117932
0.117931
0.11793
0.117928
0.117926
0.117924
0.117922
0.11792
0.117917
0.117914
0.117911
0.117907
0.117904
0.1179
0.117896
0.117891
0.117887
0.117882
0.117877
0.117872
0.117867
0.117862
0.117856
0.117851
0.117845
0.11784
0.117835
0.117829
0.117824
0.117819
0.117814
0.117809
0.117804
0.1178
0.117795
0.117791
0.117788
0.117785
0.117782
0.117779
0.117776
0.117774
0.117773
0.117771
0.11777
0.117769
0.117768
0.117767
0.117766
0.117766
0.117766
0.117765
0.117765
0.117765
0.117765
0.117764
0.117764
0.117764
0.117764
0.117764
0.117763
0.117763
0.117762
0.117762
0.117761
0.117761
0.11776
0.11776
0.117759
0.117758
0.117758
0.117757
0.117756
0.117756
0.117755
0.117755
0.117754
0.117753
0.117753
0.117752
0.117752
0.117752
0.117751
0.117751
0.117751
0.117751
0.117751
0.11775
0.11775
0.11775
0.11775
0.11775
0.117751
0.117751
0.117751
0.117751
0.117751
0.117751
0.117751
0.117751
0.117752
0.117752
0.117752
0.117752
0.117752
0.117752
0.117752
0.117752
0.117752
0.117752
0.117751
0.117751
0.117751
0.11775
0.11775
0.117749
0.117749
0.117748
0.117747
0.117746
0.117745
0.117744
0.117743
0.117741
0.11774
0.117739
0.117737
0.117736
0.117734
0.117732
0.117731
0.117729
0.117727
0.117726
0.117724
0.117723
0.117721
0.117719
0.117718
0.117717
0.117715
0.117714
0.117713
0.117712
0.117711
0.11771
0.117709
0.117708
0.117708
0.117707
0.117707
0.117706
0.117706
0.117705
0.117705
0.117705
0.117704
0.117704
0.117704
0.117703
0.117703
0.117702
0.117702
0.117701
0.117701
0.1177
0.117699
0.117699
0.117698
0.117697
0.117695
0.117694
0.117693
0.117691
0.11769
0.117688
0.117686
0.117684
0.117682
0.11768
0.117678
0.117676
0.117673
0.117671
0.117669
0.117667
0.117664
0.117662
0.11766
0.117658
0.117656
0.117654
0.117652
0.11765
0.117649
0.117647
0.117646
0.117644
0.117643
0.117642
0.117641
0.11764
0.117639
0.117639
0.117638
0.117638
0.117637
0.117637
0.117637
0.117637
0.117636
0.117636
0.117636
0.117636
0.117636
0.117637
0.117637
0.117637
0.117637
0.117638
0.117638
0.117638
0.117639
0.117639
0.117639
0.11764
0.11764
0.117641
0.117641
0.117642
0.117642
0.117643
0.117643
0.117643
0.117644
0.117644
0.117645
0.117645
0.117646
0.117646
0.117646
0.117646
0.117647
0.117647
0.117647
0.117647
0.117647
0.117647
0.117647
0.117647
0.117647
0.117647
0.117647
0.117646
0.117646
0.117646
0.117645
0.117645
0.117645
0.117644
0.117643
0.117643
0.117642
0.117641
0.11764
0.117639
0.117638
0.117636
0.117635
0.117633
0.11763
0.117628
0.117625
0.117622
0.117618
0.117615
0.11761
0.117605
0.1176
0.117595
0.117589
0.117583
0.117576
0.117569
0.117562
0.117555
0.117547
0.11754
0.117532
0.117525
0.117518
0.117511
0.117504
0.117497
0.117491
0.117485
0.11748
0.117475
0.117471
0.117467
0.117464
0.117461
0.117458
0.117457
0.117455
0.117454
0.117453
0.117453
0.117453
0.117454
0.117454
0.117455
0.117456
0.117457
0.117458
0.117459
0.11746
0.117461
0.117462
0.117462
0.117463
0.117463
0.117463
0.117462
0.117462
0.11746
0.117459
0.117457
0.117455
0.117452
0.117449
0.117445
0.117441
0.117437
0.117433
0.117428
0.117423
0.117417
0.117412
0.117406
0.117401
0.117395
0.117389
0.117383
0.117377
0.117372
0.117366
0.117361
0.117355
0.11735
0.117346
0.117341
0.117337
0.117333
0.117329
0.117326
0.117323
0.11732
0.117318
0.117316
0.117314
0.117312
0.117311
0.11731
0.117309
0.117309
0.117308
0.117308
0.117309
0.117309
0.117309
0.11731
0.117311
0.117312
0.117313
0.117314
0.117315
0.117316
0.117317
0.117318
0.117319
0.11732
0.117321
0.117322
0.117323
0.117324
0.117325
0.117325
0.117326
0.117326
0.117326
0.117326
0.117325
0.117325
0.117324
0.117324
0.117323
0.117321
0.11732
0.117319
0.117317
0.117315
0.117314
0.117312
0.11731
0.117307
0.117305
0.117303
0.117301
0.117299
0.117297
0.117294
0.117292
0.11729
0.117288
0.117286
0.117284
0.117282
0.11728
0.117277
0.117275
0.117273
0.117271
0.117269
0.117266
0.117264
0.117261
0.117258
0.117256
0.117253
0.11725
0.117247
0.117244
0.117241
0.117238
0.117234
0.117231
0.117228
0.117226
0.117223
0.11722
0.117218
0.117215
0.117213
0.117211
0.117209
0.117208
0.117206
0.117205
0.117204
0.117203
0.117202
0.117202
0.117201
0.117201
0.117201
0.117201
0.1172
0.1172
0.1172
0.1172
0.1172
0.1172
0.1172
0.1172
0.1172
0.117199
0.117199
0.117199
0.117198
0.117198
0.117197
0.117196
0.117195
0.117194
0.117193
0.117192
0.117191
0.11719
0.117188
0.117187
0.117185
0.117184
0.117182
0.11718
0.117179
0.117177
0.117175
0.117173
0.117171
0.117169
0.117167
0.117165
0.117163
0.11716
0.117158
0.117156
0.117154
0.117152
0.11715
0.117149
0.117147
0.117145
0.117143
0.117142
0.11714
0.117139
0.117138
0.117136
0.117135
0.117134
0.117133
0.117133
0.117132
0.117131
0.11713
0.11713
0.117129
0.117129
0.117129
0.117128
0.117128
0.117128
0.117127
0.117127
0.117127
0.117127
0.117127
0.117127
0.117126
0.117126
0.117126
0.117126
0.117126
0.117126
0.117126
0.117125
0.117125
0.117125
0.117125
0.117124
0.117124
0.117124
0.117124
0.117123
0.117123
0.117123
0.117122
0.117122
0.117122
0.117121
0.117121
0.11712
0.11712
0.11712
0.117119
0.117119
0.117118
0.117118
0.117117
0.117117
0.117116
0.117116
0.117115
0.117115
0.117114
0.117114
0.117113
0.117112
0.117112
0.117111
0.117111
0.11711
0.11711
0.117109
0.117109
0.117108
0.117108
0.117107
0.117107
0.117106
0.117106
0.117105
0.117105
0.117104
0.117104
0.117104
0.117103
0.117103
0.117102
0.117102
0.117102
0.117101
0.117101
0.117101
0.1171
0.1171
0.1171
0.1171
0.117099
0.117099
0.117099
0.117099
0.117099
0.117098
0.117098
0.117098
0.117098
0.117098
0.117098
0.117097
0.117097
0.117097
0.117097
0.117097
0.117096
0.117096
0.117096
0.117095
0.117095
0.117095
0.117094
0.117094
0.117093
0.117093
0.117092
0.117092
0.117091
0.11709
0.11709
0.117089
0.117088
0.117087
0.117087
0.117086
0.117085
0.117084
0.117083
0.117082
0.117081
0.11708
0.117079
0.117078
0.117077
0.117076
0.117075
0.117074
0.117073
0.117072
0.117071
0.117069
0.117068
0.117066
0.117064
0.117062
0.11706
0.117058
0.117056
0.117053
0.117051
0.117048
0.117045
0.117042
0.117038
0.117035
0.117032
0.117028
0.117024
0.117021
0.117017
0.117014
0.11701
0.117007
0.117003
0.117
0.116997
0.116994
0.116991
0.116989
0.116986
0.116984
0.116982
0.116981
0.116979
0.116978
0.116977
0.116976
0.116975
0.116975
0.116975
0.116975
0.116975
0.116975
0.116975
0.116976
0.116976
0.116977
0.116977
0.116978
0.116978
0.116979
0.116979
0.116979
0.116979
0.116979
0.116979
0.116979
0.116978
0.116977
0.116976
0.116975
0.116973
0.116971
0.116969
0.116966
0.116964
0.116961
0.116957
0.116954
0.11695
0.116946
0.116942
0.116938
0.116934
0.11693
0.116925
0.116921
0.116917
0.116913
0.116909
0.116905
0.116902
0.116898
0.116895
0.116892
0.116889
0.116887
0.116884
0.116882
0.11688
0.116878
0.116876
0.116875
0.116874
0.116872
0.116871
0.11687
0.116869
0.116869
0.116868
0.116867
0.116866
0.116865
0.116864
0.116863
0.116862
0.116861
0.11686
0.116859
0.116858
0.116856
0.116855
0.116853
0.116852
0.11685
0.116848
0.116846
0.116844
0.116842
0.11684
0.116838
0.116836
0.116833
0.116831
0.116829
0.116826
0.116824
0.116821
0.116819
0.116816
0.116813
0.116811
0.116808
0.116805
0.116802
0.1168
0.116797
0.116794
0.116791
0.116788
0.116785
0.116782
0.116779
0.116777
0.116774
0.116771
0.116769
0.116766
0.116764
0.116761
0.116759
0.116757
0.116755
0.116753
0.116752
0.11675
0.116749
0.116748
0.116747
0.116746
0.116745
0.116745
0.116744
0.116744
0.116744
0.116744
0.116745
0.116745
0.116745
0.116746
0.116747
0.116747
0.116748
0.116749
0.11675
0.116751
0.116752
0.116753
0.116753
0.116754
0.116755
0.116756
0.116756
0.116757
0.116757
0.116758
0.116758
0.116758
0.116758
0.116758
0.116757
0.116757
0.116756
0.116755
0.116754
0.116753
0.116752
0.11675
0.116749
0.116747
0.116745
0.116742
0.11674
0.116738
0.116735
0.116732
0.11673
0.116727
0.116724
0.116721
0.116718
0.116715
0.116712
0.116709
0.116706
0.116703
0.1167
0.116697
0.116694
0.116691
0.116689
0.116686
0.116684
0.116682
0.116679
0.116677
0.116676
0.116674
0.116672
0.116671
0.116669
0.116668
0.116667
0.116666
0.116665
0.116665
0.116664
0.116663
0.116663
0.116662
0.116662
0.116662
0.116661
0.116661
0.116661
0.11666
0.116659
0.116659
0.116658
0.116657
0.116655
0.116654
0.116652
0.11665
0.116648
0.116646
0.116643
0.11664
0.116637
0.116634
0.11663
0.116627
0.116623
0.116619
0.116615
0.116612
0.116608
0.116604
0.1166
0.116596
0.116593
0.116589
0.116585
0.116582
0.116578
0.116574
0.116571
0.116567
0.116563
0.116559
0.116555
0.11655
0.116546
0.116541
0.116536
0.116531
0.116526
0.116521
0.116515
0.11651
0.116504
0.116499
0.116493
0.116488
0.116483
0.116478
0.116474
0.116469
0.116465
0.116462
0.116459
0.116456
0.116453
0.116451
0.116449
0.116448
0.116446
0.116446
0.116445
0.116445
0.116445
0.116445
0.116445
0.116446
0.116446
0.116447
0.116448
0.116449
0.11645
0.116451
0.116452
0.116453
0.116454
0.116455
0.116456
0.116457
0.116457
0.116458
0.116458
0.116458
0.116458
0.116458
0.116458
0.116458
0.116457
0.116456
0.116455
0.116454
0.116452
0.116451
0.116449
0.116447
0.116445
0.116442
0.11644
0.116437
0.116434
0.116431
0.116428
0.116424
0.11642
0.116417
0.116413
0.116408
0.116404
0.1164
0.116395
0.11639
0.116385
0.116381
0.116376
0.116371
0.116366
0.116361
0.116356
0.116351
0.116346
0.116341
0.116336
0.116331
0.116327
0.116322
0.116318
0.116313
0.116309
0.116304
0.1163
0.116295
0.116291
0.116286
0.116282
0.116277
0.116272
0.116266
0.116261
0.116256
0.11625
0.116244
0.116239
0.116233
0.116227
0.116222
0.116216
0.116211
0.116206
0.116202
0.116198
0.116194
0.11619
0.116187
0.116185
0.116183
0.116182
0.11618
0.11618
0.11618
0.11618
0.11618
0.116181
0.116182
0.116184
0.116185
0.116187
0.116189
0.11619
0.116192
0.116194
0.116196
0.116198
0.1162
0.116201
0.116203
0.116204
0.116205
0.116206
0.116207
0.116207
0.116207
0.116207
0.116207
0.116206
0.116205
0.116203
0.116201
0.116199
0.116196
0.116193
0.11619
0.116186
0.116182
0.116178
0.116173
0.116169
0.116164
0.116159
0.116154
0.116149
0.116144
0.116138
0.116133
0.116128
0.116124
0.116119
0.116114
0.11611
0.116106
0.116102
0.116099
0.116095
0.116092
0.116089
0.116087
0.116084
0.116082
0.11608
0.116078
0.116077
0.116075
0.116074
0.116072
0.116071
0.11607
0.116068
0.116067
0.116065
0.116064
0.116062
0.116061
0.116059
0.116057
0.116055
0.116053
0.116051
0.116049
0.116047
0.116044
0.116042
0.116039
0.116036
0.116033
0.116031
0.116028
0.116025
0.116022
0.116019
0.116016
0.116014
0.116011
0.116008
0.116006
0.116003
0.116001
0.115999
0.115996
0.115994
0.115992
0.115991
0.115989
0.115987
0.115986
0.115985
0.115983
0.115982
0.115981
0.115981
0.11598
0.115979
0.115979
0.115978
0.115978
0.115977
0.115977
0.115977
0.115977
0.115976
0.115976
0.115976
0.115976
0.115976
0.115976
0.115976
0.115976
0.115975
0.115975
0.115975
0.115975
0.115975
0.115974
0.115974
0.115973
0.115973
0.115972
0.115972
0.115971
0.11597
0.11597
0.115969
0.115968
0.115967
0.115966
0.115965
0.115963
0.115962
0.115961
0.11596
0.115958
0.115957
0.115956
0.115955
0.115953
0.115952
0.115951
0.11595
0.115949
0.115948
0.115947
0.115946
0.115945
0.115944
0.115943
0.115943
0.115942
0.115942
0.115942
0.115942
0.115941
0.115941
0.115942
0.115942
0.115942
0.115942
0.115943
0.115943
0.115944
0.115944
0.115945
0.115946
0.115946
0.115947
0.115948
0.115948
0.115949
0.115949
0.11595
0.11595
0.11595
0.115951
0.115951
0.11595
0.11595
0.115949
0.115948
0.115947
0.115945
0.115943
0.115941
0.115938
0.115935
0.115931
0.115927
0.115923
0.115918
0.115913
0.115907
0.115901
0.115895
0.115888
0.115882
0.115875
0.115868
0.115861
0.115854
0.115847
0.11584
0.115833
0.115827
0.115821
0.115815
0.11581
0.115805
0.115801
0.115797
0.115793
0.11579
0.115787
0.115785
0.115783
0.115782
0.11578
0.11578
0.115779
0.115779
0.115779
0.115779
0.115779
0.115779
0.115779
0.11578
0.11578
0.115781
0.115782
0.115782
0.115782
0.115783
0.115783
0.115783
0.115783
0.115783
0.115783
0.115783
0.115782
0.115782
0.115781
0.11578
0.115779
0.115777
0.115776
0.115774
0.115772
0.115769
0.115767
0.115764
0.115761
0.115758
0.115755
0.115751
0.115747
0.115744
0.11574
0.115736
0.115732
0.115727
0.115723
0.115719
0.115715
