0.122045
0.122045
0.122045
0.122045
0.122045
0.122045
0.122045
0.122045
0.122045
0.122045
0.122045
0.122045
0.122045
0.122044
0.122044
0.122044
0.122044
0.122044
0.122044
0.122044
0.122044
0.122044
0.122044
0.122044
0.122044
0.122044
0.122044
0.122044
0.122044
0.122044
0.122044
0.122044
0.122044
0.122044
0.122044
0.122044
0.122044
0.122044
0.122044
0.122044
0.122043
0.122043
0.122043
0.122043
0.122043
0.122043
0.122043
0.122043
0.122043
0.122043
0.122043
0.122043
0.122043
0.122043
0.122043
0.122043
0.122043
0.122043
0.122043
0.122043
0.122043
0.122043
0.122043
0.122043
0.122043
0.122043
0.122042
0.122042
0.122042
0.122042
0.122042
0.122042
0.122042
0.122042
0.122042
0.122042
0.122042
0.122042
0.122042
0.122042
0.122042
0.122042
0.122042
0.122042
0.122042
0.122042
0.122042
0.122042
0.122042
0.122042
0.122042
0.122042
0.122041
0.122041
0.122041
0.122041
0.122041
0.122041
0.122041
0.122041
0.122041
0.122041
0.122041
0.122041
0.122041
0.122041
0.122041
0.122041
0.122041
0.122041
0.122041
0.122041
0.122041
0.122041
0.122041
0.122041
0.122041
0.12204
0.12204
0.12204
0.12204
0.12204
0.12204
0.12204
0.12204
0.12204
0.12204
0.12204
0.12204
0.12204
0.12204
0.12204
0.12204
0.12204
0.12204
0.12204
0.12204
0.12204
0.12204
0.12204
0.12204
0.12204
0.12204
0.122039
0.122039
0.122039
0.122039
0.122039
0.122039
0.122039
0.122039
0.122039
0.122039
0.122039
0.122039
0.122039
0.122039
0.122039
0.122039
0.122039
0.122039
0.122039
0.122039
0.122039
0.122039
0.122039
0.122039
0.122039
0.122039
0.122039
0.122039
0.122039
0.122039
0.122039
0.122039
0.122038
0.122038
0.122038
0.122038
0.122038
0.122038
0.122038
0.122038
0.122038
0.122038
0.122038
0.122038
0.122038
0.122038
0.122038
0.122038
0.122038
0.122038
0.122038
0.122038
0.122038
0.122038
0.122038
0.122038
0.122038
0.122038
0.122038
0.122038
0.122038
0.122038
0.122038
0.122038
0.122038
0.122038
0.122038
0.122038
0.122038
0.122038
0.122038
0.122038
0.122038
0.122038
0.122038
0.122038
0.122038
0.122038
0.122038
0.122038
0.122038
0.122038
0.122038
0.122038
0.122038
0.122038
0.122038
0.122039
0.122039
0.122039
0.122039
0.122039
0.122039
0.122039
0.122039
0.122039
0.122039
0.122039
0.122039
0.122039
0.122039
0.122039
0.122039
0.122039
0.122039
0.122039
0.122039
0.122039
0.122039
0.12204
0.12204
0.12204
0.12204
0.12204
0.12204
0.12204
0.12204
0.12204
0.12204
0.12204
0.12204
0.12204
0.12204
0.12204
0.12204
0.12204
0.122041
0.122041
0.122041
0.122041
0.122041
0.122041
0.122041
0.122041
0.122041
0.122041
0.122041
0.122041
0.122041
0.122041
0.122041
0.122041
0.122041
0.122041
0.122041
0.122041
0.122041
0.122041
0.122041
0.122041
0.122041
0.12204
0.12204
0.12204
0.12204
0.12204
0.12204
0.12204
0.12204
0.12204
0.122039
0.122039
0.122039
0.122039
0.122039
0.122038
0.122038
0.122038
0.122038
0.122038
0.122037
0.122037
0.122037
0.122037
0.122036
0.122036
0.122036
0.122035
0.122035
0.122035
0.122034
0.122034
0.122034
0.122033
0.122033
0.122033
0.122032
0.122032
0.122032
0.122031
0.122031
0.12203
0.12203
0.12203
0.122029
0.122029
0.122029
0.122028
0.122028
0.122027
0.122027
0.122027
0.122026
0.122026
0.122026
0.122025
0.122025
0.122025
0.122024
0.122024
0.122024
0.122024
0.122023
0.122023
0.122023
0.122022
0.122022
0.122022
0.122022
0.122022
0.122021
0.122021
0.122021
0.122021
0.122021
0.12202
0.12202
0.12202
0.12202
0.12202
0.12202
0.12202
0.12202
0.12202
0.12202
0.12202
0.122019
0.122019
0.122019
0.122019
0.122019
0.122019
0.122019
0.122019
0.122019
0.122019
0.12202
0.12202
0.12202
0.12202
0.12202
0.12202
0.12202
0.12202
0.12202
0.12202
0.12202
0.12202
0.12202
0.12202
0.12202
0.12202
0.12202
0.122021
0.122021
0.122021
0.122021
0.122021
0.122021
0.122021
0.122021
0.122021
0.122021
0.122021
0.122021
0.122021
0.122021
0.122021
0.122021
0.122021
0.122021
0.122021
0.122021
0.122021
0.122021
0.122021
0.122021
0.122021
0.122021
0.122021
0.12202
0.12202
0.12202
0.12202
0.12202
0.12202
0.12202
0.122019
0.122019
0.122019
0.122019
0.122019
0.122018
0.122018
0.122018
0.122018
0.122017
0.122017
0.122017
0.122016
0.122016
0.122016
0.122016
0.122015
0.122015
0.122015
0.122014
0.122014
0.122014
0.122013
0.122013
0.122013
0.122012
0.122012
0.122012
0.122011
0.122011
0.122011
0.12201
0.12201
0.12201
0.122009
0.122009
0.122009
0.122008
0.122008
0.122008
0.122008
0.122007
0.122007
0.122007
0.122007
0.122006
0.122006
0.122006
0.122006
0.122005
0.122005
0.122005
0.122005
0.122005
0.122005
0.122004
0.122004
0.122004
0.122004
0.122004
0.122004
0.122004
0.122004
0.122004
0.122003
0.122003
0.122003
0.122003
0.122003
0.122003
0.122003
0.122003
0.122003
0.122003
0.122003
0.122003
0.122003
0.122003
0.122003
0.122003
0.122003
0.122003
0.122003
0.122003
0.122003
0.122004
0.122004
0.122004
0.122004
0.122004
0.122004
0.122004
0.122004
0.122004
0.122004
0.122004
0.122004
0.122005
0.122005
0.122005
0.122005
0.122005
0.122005
0.122005
0.122005
0.122005
0.122006
0.122006
0.122006
0.122006
0.122006
0.122006
0.122006
0.122007
0.122007
0.122007
0.122007
0.122007
0.122007
0.122007
0.122008
0.122008
0.122008
0.122008
0.122008
0.122008
0.122009
0.122009
0.122009
0.122009
0.122009
0.122009
0.12201
0.12201
0.12201
0.12201
0.12201
0.12201
0.122011
0.122011
0.122011
0.122011
0.122011
0.122011
0.122011
0.122011
0.122012
0.122012
0.122012
0.122012
0.122012
0.122012
0.122012
0.122012
0.122012
0.122012
0.122012
0.122012
0.122012
0.122012
0.122012
0.122012
0.122011
0.122011
0.122011
0.122011
0.122011
0.122011
0.12201
0.12201
0.12201
0.122009
0.122009
0.122009
0.122008
0.122008
0.122008
0.122007
0.122007
0.122006
0.122006
0.122005
0.122005
0.122004
0.122003
0.122003
0.122002
0.122002
0.122001
0.122
0.121999
0.121999
0.121998
0.121997
0.121997
0.121996
0.121995
0.121994
0.121994
0.121993
0.121992
0.121991
0.12199
0.12199
0.121989
0.121988
0.121987
0.121986
0.121986
0.121985
0.121984
0.121983
0.121982
0.121982
0.121981
0.12198
0.121979
0.121978
0.121978
0.121977
0.121976
0.121975
0.121975
0.121974
0.121973
0.121972
0.121972
0.121971
0.12197
0.12197
0.121969
0.121968
0.121968
0.121967
0.121967
0.121966
0.121965
0.121965
0.121964
0.121964
0.121964
0.121963
0.121963
0.121962
0.121962
0.121962
0.121961
0.121961
0.121961
0.12196
0.12196
0.12196
0.12196
0.12196
0.121959
0.121959
0.121959
0.121959
0.121959
0.121959
0.121959
0.121959
0.121959
0.121959
0.121959
0.121959
0.121959
0.121959
0.121959
0.121959
0.121959
0.12196
0.12196
0.12196
0.12196
0.12196
0.12196
0.12196
0.12196
0.12196
0.12196
0.12196
0.12196
0.12196
0.12196
0.12196
0.12196
0.12196
0.121959
0.121959
0.121959
0.121959
0.121958
0.121958
0.121958
0.121957
0.121957
0.121957
0.121956
0.121956
0.121955
0.121955
0.121954
0.121953
0.121953
0.121952
0.121951
0.121951
0.12195
0.121949
0.121948
0.121948
0.121947
0.121946
0.121945
0.121945
0.121944
0.121943
0.121942
0.121941
0.12194
0.12194
0.121939
0.121938
0.121937
0.121937
0.121936
0.121935
0.121935
0.121934
0.121933
0.121933
0.121932
0.121932
0.121931
0.121931
0.12193
0.12193
0.121929
0.121929
0.121929
0.121928
0.121928
0.121928
0.121928
0.121928
0.121927
0.121927
0.121927
0.121927
0.121927
0.121927
0.121927
0.121927
0.121927
0.121927
0.121928
0.121928
0.121928
0.121928
0.121928
0.121928
0.121929
0.121929
0.121929
0.121929
0.12193
0.12193
0.12193
0.12193
0.121931
0.121931
0.121931
0.121931
0.121932
0.121932
0.121932
0.121933
0.121933
0.121933
0.121933
0.121934
0.121934
0.121934
0.121934
0.121935
0.121935
0.121935
0.121935
0.121935
0.121935
0.121936
0.121936
0.121936
0.121936
0.121936
0.121936
0.121936
0.121936
0.121936
0.121936
0.121936
0.121936
0.121936
0.121935
0.121935
0.121935
0.121935
0.121935
0.121934
0.121934
0.121934
0.121933
0.121933
0.121933
0.121932
0.121932
0.121931
0.121931
0.12193
0.12193
0.121929
0.121929
0.121928
0.121928
0.121927
0.121927
0.121926
0.121925
0.121925
0.121924
0.121923
0.121923
0.121922
0.121921
0.121921
0.12192
0.12192
0.121919
0.121918
0.121918
0.121917
0.121916
0.121916
0.121915
0.121915
0.121914
0.121914
0.121913
0.121912
0.121912
0.121911
0.121911
0.121911
0.12191
0.12191
0.121909
0.121909
0.121908
0.121908
0.121908
0.121907
0.121907
0.121907
0.121907
0.121906
0.121906
0.121906
0.121906
0.121905
0.121905
0.121905
0.121905
0.121905
0.121904
0.121904
0.121904
0.121904
0.121904
0.121904
0.121903
0.121903
0.121903
0.121903
0.121903
0.121903
0.121902
0.121902
0.121902
0.121902
0.121902
0.121901
0.121901
0.121901
0.121901
0.1219
0.1219
0.1219
0.121899
0.121899
0.121899
0.121898
0.121898
0.121898
0.121897
0.121897
0.121896
0.121896
0.121895
0.121895
0.121894
0.121894
0.121893
0.121893
0.121892
0.121892
0.121891
0.12189
0.12189
0.121889
0.121889
0.121888
0.121888
0.121887
0.121886
0.121886
0.121885
0.121885
0.121884
0.121883
0.121883
0.121882
0.121882
0.121881
0.121881
0.12188
0.12188
0.12188
0.121879
0.121879
0.121878
0.121878
0.121878
0.121877
0.121877
0.121877
0.121876
0.121876
0.121876
0.121875
0.121875
0.121875
0.121875
0.121875
0.121874
0.121874
0.121874
0.121874
0.121874
0.121874
0.121874
0.121874
0.121874
0.121873
0.121873
0.121873
0.121873
0.121873
0.121873
0.121873
0.121873
0.121873
0.121873
0.121873
0.121873
0.121873
0.121873
0.121873
0.121873
0.121873
0.121873
0.121873
0.121873
0.121873
0.121873
0.121873
0.121873
0.121873
0.121873
0.121874
0.121874
0.121874
0.121874
0.121874
0.121874
0.121874
0.121874
0.121874
0.121874
0.121874
0.121874
0.121874
0.121874
0.121874
0.121874
0.121874
0.121874
0.121874
0.121874
0.121874
0.121874
0.121874
0.121874
0.121874
0.121874
0.121874
0.121874
0.121874
0.121874
0.121874
0.121873
0.121873
0.121873
0.121873
0.121873
0.121873
0.121873
0.121873
0.121873
0.121873
0.121873
0.121873
0.121873
0.121873
0.121873
0.121873
0.121873
0.121873
0.121873
0.121873
0.121873
0.121873
0.121873
0.121873
0.121873
0.121873
0.121873
0.121873
0.121873
0.121873
0.121873
0.121873
0.121873
0.121873
0.121873
0.121873
0.121873
0.121873
0.121873
0.121873
0.121873
0.121873
0.121873
0.121873
0.121873
0.121873
0.121873
0.121873
0.121873
0.121873
0.121873
0.121873
0.121873
0.121873
0.121873
0.121873
0.121873
0.121873
0.121873
0.121873
0.121873
0.121873
0.121873
0.121873
0.121873
0.121873
0.121873
0.121873
0.121873
0.121873
0.121873
0.121873
0.121873
0.121873
0.121873
0.121873
0.121873
0.121873
0.121873
0.121873
0.121873
0.121873
0.121873
0.121873
0.121873
0.121873
0.121873
0.121873
0.121873
0.121873
0.121873
0.121873
0.121873
0.121873
0.121873
0.121873
0.121872
0.121872
0.121872
0.121872
0.121872
0.121872
0.121872
0.121872
0.121872
0.121872
0.121872
0.121871
0.121871
0.121871
0.121871
0.121871
0.121871
0.121871
0.12187
0.12187
0.12187
0.12187
0.12187
0.12187
0.121869
0.121869
0.121869
0.121869
0.121868
0.121868
0.121868
0.121868
0.121868
0.121867
0.121867
0.121867
0.121867
0.121866
0.121866
0.121866
0.121866
0.121865
0.121865
0.121865
0.121865
0.121864
0.121864
0.121864
0.121864
0.121863
0.121863
0.121863
0.121863
0.121862
0.121862
0.121862
0.121862
0.121861
0.121861
0.121861
0.121861
0.121861
0.12186
0.12186
0.12186
0.12186
0.12186
0.12186
0.12186
0.121859
0.121859
0.121859
0.121859
0.121859
0.121859
0.121859
0.121859
0.121858
0.121858
0.121858
0.121858
0.121858
0.121858
0.121858
0.121858
0.121858
0.121857
0.121857
0.121857
0.121857
0.121857
0.121857
0.121857
0.121856
0.121856
0.121856
0.121856
0.121856
0.121855
0.121855
0.121855
0.121855
0.121854
0.121854
0.121854
0.121854
0.121853
0.121853
0.121852
0.121852
0.121852
0.121851
0.121851
0.12185
0.12185
0.12185
0.121849
0.121849
0.121848
0.121847
0.121847
0.121846
0.121846
0.121845
0.121845
0.121844
0.121844
0.121843
0.121843
0.121842
0.121841
0.121841
0.12184
0.12184
0.121839
0.121839
0.121838
0.121838
0.121837
0.121837
0.121836
0.121836
0.121835
0.121835
0.121834
0.121834
0.121833
0.121833
0.121833
0.121832
0.121832
0.121832
0.121832
0.121831
0.121831
0.121831
0.121831
0.121831
0.12183
0.12183
0.12183
0.12183
0.12183
0.12183
0.12183
0.12183
0.12183
0.12183
0.12183
0.12183
0.12183
0.121831
0.121831
0.121831
0.121831
0.121831
0.121831
0.121832
0.121832
0.121832
0.121832
0.121832
0.121833
0.121833
0.121833
0.121833
0.121834
0.121834
0.121834
0.121835
0.121835
0.121835
0.121835
0.121836
0.121836
0.121836
0.121836
0.121836
0.121837
0.121837
0.121837
0.121837
0.121837
0.121838
0.121838
0.121838
0.121838
0.121838
0.121838
0.121838
0.121838
0.121838
0.121838
0.121838
0.121838
0.121838
0.121838
0.121837
0.121837
0.121837
0.121837
0.121837
0.121836
0.121836
0.121835
0.121835
0.121835
0.121834
0.121834
0.121833
0.121833
0.121832
0.121831
0.121831
0.12183
0.121829
0.121829
0.121828
0.121827
0.121827
0.121826
0.121825
0.121824
0.121823
0.121823
0.121822
0.121821
0.12182
0.121819
0.121818
0.121818
0.121817
0.121816
0.121815
0.121814
0.121813
0.121813
0.121812
0.121811
0.12181
0.12181
0.121809
0.121808
0.121808
0.121807
0.121806
0.121806
0.121805
0.121804
0.121804
0.121803
0.121803
0.121802
0.121802
0.121801
0.121801
0.1218
0.1218
0.121799
0.121799
0.121799
0.121798
0.121798
0.121798
0.121797
0.121797
0.121797
0.121796
0.121796
0.121796
0.121796
0.121795
0.121795
0.121795
0.121795
0.121794
0.121794
0.121794
0.121794
0.121794
0.121794
0.121794
0.121793
0.121793
0.121793
0.121793
0.121793
0.121793
0.121793
0.121793
0.121793
0.121793
0.121793
0.121793
0.121793
0.121793
0.121793
0.121793
0.121793
0.121793
0.121793
0.121793
0.121793
0.121793
0.121793
0.121793
0.121794
0.121794
0.121794
0.121794
0.121794
0.121794
0.121794
0.121794
0.121794
0.121795
0.121795
0.121795
0.121795
0.121795
0.121795
0.121795
0.121795
0.121795
0.121796
0.121796
0.121796
0.121796
0.121796
0.121796
0.121796
0.121796
0.121796
0.121796
0.121796
0.121796
0.121796
0.121796
0.121796
0.121795
0.121795
0.121795
0.121795
0.121795
0.121794
0.121794
0.121794
0.121794
0.121793
0.121793
0.121793
0.121792
0.121792
0.121791
0.121791
0.12179
0.12179
0.121789
0.121789
0.121788
0.121788
0.121787
0.121786
0.121786
0.121785
0.121784
0.121784
0.121783
0.121782
0.121782
0.121781
0.12178
0.12178
0.121779
0.121778
0.121777
0.121777
0.121776
0.121775
0.121775
0.121774
0.121773
0.121773
0.121772
0.121771
0.121771
0.12177
0.12177
0.121769
0.121769
0.121768
0.121768
0.121767
0.121767
0.121766
0.121766
0.121766
0.121765
0.121765
0.121765
0.121764
0.121764
0.121764
0.121764
0.121763
0.121763
0.121763
0.121763
0.121763
0.121763
0.121763
0.121763
0.121762
0.121762
0.121762
0.121762
0.121762
0.121762
0.121762
0.121762
0.121762
0.121762
0.121763
0.121763
0.121763
0.121763
0.121763
0.121763
0.121763
0.121763
0.121763
0.121763
0.121763
0.121763
0.121763
0.121763
0.121764
0.121764
0.121764
0.121764
0.121764
0.121764
0.121764
0.121764
0.121764
0.121764
0.121764
0.121765
0.121765
0.121765
0.121765
0.121765
0.121765
0.121765
0.121765
0.121765
0.121765
0.121765
0.121765
0.121765
0.121765
0.121766
0.121766
0.121766
0.121766
0.121766
0.121766
0.121766
0.121766
0.121766
0.121766
0.121766
0.121766
0.121766
0.121766
0.121766
0.121766
0.121766
0.121766
0.121766
0.121766
0.121766
0.121766
0.121766
0.121766
0.121766
0.121766
0.121766
0.121766
0.121766
0.121766
0.121766
0.121766
0.121766
0.121766
0.121766
0.121766
0.121766
0.121766
0.121766
0.121766
0.121766
0.121766
0.121766
0.121766
0.121766
0.121766
0.121766
0.121766
0.121766
0.121766
0.121766
0.121766
0.121766
0.121766
0.121766
0.121766
0.121766
0.121766
0.121766
0.121766
0.121766
0.121766
0.121766
0.121766
0.121765
0.121765
0.121765
0.121765
0.121765
0.121765
0.121764
0.121764
0.121764
0.121764
0.121764
0.121763
0.121763
0.121763
0.121762
0.121762
0.121762
0.121761
0.121761
0.121761
0.12176
0.12176
0.121759
0.121759
0.121759
0.121758
0.121758
0.121757
0.121757
0.121756
0.121756
0.121755
0.121755
0.121754
0.121754
0.121753
0.121753
0.121752
0.121752
0.121751
0.121751
0.12175
0.12175
0.121749
0.121749
0.121748
0.121748
0.121747
0.121747
0.121746
0.121746
0.121746
0.121745
0.121745
0.121744
0.121744
0.121744
0.121743
0.121743
0.121743
0.121743
0.121742
0.121742
0.121742
0.121742
0.121742
0.121742
0.121742
0.121742
0.121741
0.121741
0.121741
0.121741
0.121741
0.121741
0.121741
0.121741
0.121741
0.121741
0.121742
0.121742
0.121742
0.121742
0.121742
0.121742
0.121742
0.121742
0.121742
0.121742
0.121742
0.121742
0.121742
0.121742
0.121743
0.121743
0.121743
0.121743
0.121743
0.121743
0.121743
0.121742
0.121742
0.121742
0.121742
0.121742
0.121742
0.121742
0.121742
0.121741
0.121741
0.121741
0.12174
0.12174
0.12174
0.121739
0.121739
0.121739
0.121738
0.121738
0.121737
0.121736
0.121736
0.121735
0.121735
0.121734
0.121733
0.121733
0.121732
0.121731
0.12173
0.12173
0.121729
0.121728
0.121727
0.121726
0.121725
0.121725
0.121724
0.121723
0.121722
0.121721
0.12172
0.121719
0.121718
0.121717
0.121716
0.121715
0.121714
0.121714
0.121713
0.121712
0.121711
0.12171
0.121709
0.121708
0.121707
0.121707
0.121706
0.121705
0.121704
0.121703
0.121703
0.121702
0.121701
0.121701
0.1217
0.1217
0.121699
0.121698
0.121698
0.121697
0.121697
0.121696
0.121696
0.121696
0.121695
0.121695
0.121695
0.121694
0.121694
0.121694
0.121694
0.121694
0.121693
0.121693
0.121693
0.121693
0.121693
0.121693
0.121693
0.121693
0.121693
0.121693
0.121693
0.121693
0.121693
0.121693
0.121693
0.121693
0.121693
0.121693
0.121693
0.121693
0.121694
0.121694
0.121694
0.121694
0.121694
0.121694
0.121694
0.121695
0.121695
0.121695
0.121695
0.121695
0.121695
0.121696
0.121696
0.121696
0.121696
0.121696
0.121697
0.121697
0.121697
0.121697
0.121697
0.121697
0.121698
0.121698
0.121698
0.121698
0.121698
0.121699
0.121699
0.121699
0.121699
0.121699
0.121699
0.1217
0.1217
0.1217
0.1217
0.1217
0.121701
0.121701
0.121701
0.121701
0.121701
0.121701
0.121702
0.121702
0.121702
0.121702
0.121702
0.121703
0.121703
0.121703
0.121703
0.121703
0.121704
0.121704
0.121704
0.121704
0.121704
0.121705
0.121705
0.121705
0.121705
0.121705
0.121706
0.121706
0.121706
0.121706
0.121706
0.121707
0.121707
0.121707
0.121707
0.121707
0.121708
0.121708
0.121708
0.121708
0.121708
0.121709
0.121709
0.121709
0.121709
0.121709
0.121709
0.121709
0.12171
0.12171
0.12171
0.12171
0.12171
0.12171
0.12171
0.12171
0.12171
0.12171
0.12171
0.121709
0.121709
0.121709
0.121709
0.121709
0.121708
0.121708
0.121708
0.121707
0.121707
0.121707
0.121706
0.121706
0.121705
0.121704
0.121704
0.121703
0.121702
0.121702
0.121701
0.1217
0.121699
0.121698
0.121697
0.121696
0.121695
0.121694
0.121693
0.121692
0.121691
0.12169
0.121689
0.121688
0.121687
0.121686
0.121684
0.121683
0.121682
0.121681
0.12168
0.121678
0.121677
0.121676
0.121675
0.121674
0.121673
0.121671
0.12167
0.121669
0.121668
0.121667
0.121666
0.121665
0.121664
0.121663
0.121662
0.121661
0.121661
0.12166
0.121659
0.121658
0.121657
0.121657
0.121656
0.121655
0.121655
0.121654
0.121654
0.121653
0.121653
0.121652
0.121652
0.121652
0.121651
0.121651
0.121651
0.12165
0.12165
0.12165
0.12165
0.12165
0.12165
0.121649
0.121649
0.121649
0.121649
0.121649
0.121649
0.121649
0.121649
0.121649
0.121649
0.121649
0.121649
0.121649
0.121649
0.121649
0.121649
0.121649
0.121649
0.121649
0.12165
0.12165
0.12165
0.12165
0.12165
0.12165
0.12165
0.12165
0.12165
0.12165
0.121651
0.121651
0.121651
0.121651
0.121651
0.121651
0.121651
0.121651
0.121651
0.121651
0.121652
0.121652
0.121652
0.121652
0.121652
0.121652
0.121652
0.121652
0.121652
0.121652
0.121652
0.121653
0.121653
0.121653
0.121653
0.121653
0.121653
0.121653
0.121653
0.121653
0.121653
0.121653
0.121653
0.121653
0.121653
0.121653
0.121653
0.121653
0.121653
0.121653
0.121653
0.121653
0.121654
0.121654
0.121654
0.121654
0.121654
0.121654
0.121654
0.121654
0.121654
0.121654
0.121654
0.121654
0.121654
0.121654
0.121654
0.121654
0.121654
0.121654
0.121654
0.121654
0.121654
0.121654
0.121654
0.121654
0.121654
0.121654
0.121654
0.121654
0.121654
0.121654
0.121654
0.121654
0.121654
0.121654
0.121654
0.121654
0.121654
0.121654
0.121654
0.121654
0.121655
0.121655
0.121655
0.121655
0.121655
0.121655
0.121655
0.121655
0.121655
0.121655
0.121655
0.121655
0.121655
0.121655
0.121656
0.121656
0.121656
0.121656
0.121656
0.121656
0.121656
0.121656
0.121656
0.121656
0.121656
0.121657
0.121657
0.121657
0.121657
0.121657
0.121657
0.121657
0.121657
0.121657
0.121657
0.121658
0.121658
0.121658
0.121658
0.121658
0.121658
0.121658
0.121658
0.121658
0.121658
0.121658
0.121658
0.121658
0.121658
0.121658
0.121658
0.121657
0.121657
0.121657
0.121657
0.121657
0.121657
0.121656
0.121656
0.121656
0.121656
0.121655
0.121655
0.121654
0.121654
0.121654
0.121653
0.121653
0.121652
0.121652
0.121651
0.12165
0.12165
0.121649
0.121648
0.121648
0.121647
0.121646
0.121645
0.121645
0.121644
0.121643
0.121642
0.121641
0.121641
0.12164
0.121639
0.121638
0.121637
0.121636
0.121635
0.121635
0.121634
0.121633
0.121632
0.121631
0.12163
0.12163
0.121629
0.121628
0.121627
0.121627
0.121626
0.121625
0.121625
0.121624
0.121623
0.121623
0.121622
0.121622
0.121621
0.121621
0.12162
0.12162
0.121619
0.121619
0.121618
0.121618
0.121618
0.121618
0.121617
0.121617
0.121617
0.121617
0.121617
0.121616
0.121616
0.121616
0.121616
0.121616
0.121616
0.121616
0.121616
0.121616
0.121616
0.121616
0.121616
0.121616
0.121616
0.121616
0.121616
0.121616
0.121616
0.121616
0.121616
0.121616
0.121617
0.121617
0.121617
0.121617
0.121617
0.121617
0.121617
0.121617
0.121617
0.121618
0.121618
0.121618
0.121618
0.121618
0.121618
0.121618
0.121618
0.121619
0.121619
0.121619
0.121619
0.121619
0.121619
0.121619
0.121619
0.121619
0.121619
0.121619
0.12162
0.12162
0.12162
0.12162
0.12162
0.12162
0.12162
0.12162
0.12162
0.12162
0.12162
0.12162
0.12162
0.12162
0.12162
0.12162
0.12162
0.12162
0.12162
0.12162
0.12162
0.12162
0.12162
0.12162
0.12162
0.12162
0.12162
0.12162
0.12162
0.12162
0.12162
0.12162
0.12162
0.12162
0.12162
0.12162
0.12162
0.12162
0.12162
0.12162
0.12162
0.12162
0.121619
0.121619
0.121619
0.121619
0.121619
0.121619
0.121619
0.121618
0.121618
0.121618
0.121618
0.121618
0.121617
0.121617
0.121617
0.121616
0.121616
0.121616
0.121615
0.121615
0.121614
0.121614
0.121613
0.121613
0.121612
0.121611
0.121611
0.12161
0.121609
0.121609
0.121608
0.121607
0.121606
0.121605
0.121604
0.121603
0.121602
0.121601
0.1216
0.121599
0.121598
0.121597
0.121596
0.121595
0.121594
0.121593
0.121592
0.121591
0.12159
0.121589
0.121588
0.121587
0.121586
0.121585
0.121584
0.121583
0.121582
0.121581
0.12158
0.121579
0.121579
0.121578
0.121577
0.121576
0.121576
0.121575
0.121574
0.121574
0.121573
0.121572
0.121572
0.121571
0.121571
0.12157
0.12157
0.121569
0.121569
0.121568
0.121568
0.121567
0.121567
0.121566
0.121566
0.121565
0.121565
0.121564
0.121564
0.121563
0.121562
0.121562
0.121561
0.12156
0.12156
0.121559
0.121558
0.121558
0.121557
0.121556
0.121555
0.121554
0.121554
0.121553
0.121552
0.121551
0.12155
0.121549
0.121548
0.121548
0.121547
0.121546
0.121545
0.121544
0.121543
0.121543
0.121542
0.121541
0.12154
0.12154
0.121539
0.121539
0.121538
0.121537
0.121537
0.121536
0.121536
0.121535
0.121535
0.121535
0.121534
0.121534
0.121534
0.121534
0.121533
0.121533
0.121533
0.121533
0.121533
0.121532
0.121532
0.121532
0.121532
0.121532
0.121532
0.121532
0.121532
0.121532
0.121531
0.121531
0.121531
0.121531
0.121531
0.121531
0.121531
0.12153
0.12153
0.12153
0.12153
0.121529
0.121529
0.121529
0.121528
0.121528
0.121527
0.121527
0.121526
0.121526
0.121525
0.121525
0.121524
0.121524
0.121523
0.121522
0.121522
0.121521
0.12152
0.12152
0.121519
0.121518
0.121517
0.121517
0.121516
0.121515
0.121514
0.121514
0.121513
0.121512
0.121511
0.121511
0.12151
0.121509
0.121509
0.121508
0.121507
0.121507
0.121506
0.121506
0.121505
0.121505
0.121504
0.121504
0.121503
0.121503
0.121502
0.121502
0.121502
0.121501
0.121501
0.121501
0.1215
0.1215
0.1215
0.1215
0.1215
0.121499
0.121499
0.121499
0.121499
0.121499
0.121499
0.121499
0.121499
0.121499
0.121499
0.121499
0.121499
0.121499
0.121499
0.121499
0.121499
0.121499
0.121499
0.121499
0.121499
0.121499
0.121499
0.121499
0.121499
0.121499
0.121499
0.121499
0.121499
0.121499
0.121499
0.121499
0.1215
0.1215
0.1215
0.1215
0.1215
0.1215
0.1215
0.1215
0.1215
0.1215
0.1215
0.1215
0.1215
0.1215
0.1215
0.1215
0.1215
0.1215
0.1215
0.1215
0.1215
0.1215
0.1215
0.1215
0.1215
0.1215
0.1215
0.1215
0.1215
0.1215
0.1215
0.1215
0.1215
0.1215
0.1215
0.1215
0.1215
0.121499
0.121499
0.121499
0.121499
0.121499
0.121499
0.121499
0.121499
0.121499
0.121499
0.121499
0.121499
0.121499
0.121499
0.121499
0.121498
0.121498
0.121498
0.121498
0.121498
0.121498
0.121498
0.121498
0.121498
0.121498
0.121498
0.121498
0.121498
0.121497
0.121497
0.121497
0.121497
0.121497
0.121497
0.121497
0.121497
0.121497
0.121497
0.121497
0.121497
0.121497
0.121497
0.121497
0.121497
0.121496
0.121496
0.121496
0.121496
0.121496
0.121496
0.121496
0.121496
0.121496
0.121496
0.121496
0.121496
0.121496
0.121496
0.121496
0.121496
0.121496
0.121496
0.121496
0.121496
0.121496
0.121496
0.121496
0.121496
0.121496
0.121496
0.121496
0.121496
0.121496
0.121496
0.121496
0.121496
0.121496
0.121497
0.121497
0.121497
0.121497
0.121497
0.121497
0.121497
0.121497
0.121497
0.121497
0.121497
0.121497
0.121497
0.121498
0.121498
0.121498
0.121498
0.121498
0.121498
0.121498
0.121498
0.121498
0.121498
0.121498
0.121498
0.121498
0.121498
0.121499
0.121499
0.121499
0.121499
0.121499
0.121499
0.121499
0.121499
0.121498
0.121498
0.121498
0.121498
0.121498
0.121498
0.121498
0.121498
0.121498
0.121497
0.121497
0.121497
0.121497
0.121496
0.121496
0.121496
0.121495
0.121495
0.121495
0.121494
0.121494
0.121493
0.121493
0.121492
0.121492
0.121491
0.121491
0.12149
0.12149
0.121489
0.121489
0.121488
0.121488
0.121487
0.121486
0.121486
0.121485
0.121485
0.121484
0.121483
0.121483
0.121482
0.121481
0.121481
0.12148
0.12148
0.121479
0.121479
0.121478
0.121477
0.121477
0.121476
0.121476
0.121476
0.121475
0.121475
0.121474
0.121474
0.121473
0.121473
0.121473
0.121472
0.121472
0.121472
0.121472
0.121471
0.121471
0.121471
0.121471
0.121471
0.12147
0.12147
0.12147
0.12147
0.12147
0.12147
0.12147
0.121469
0.121469
0.121469
0.121469
0.121469
0.121469
0.121469
0.121469
0.121469
0.121469
0.121468
0.121468
0.121468
0.121468
0.121468
0.121468
0.121467
0.121467
0.121467
0.121467
0.121467
0.121466
0.121466
0.121466
0.121465
0.121465
0.121465
0.121464
0.121464
0.121463
0.121463
0.121462
0.121462
0.121461
0.121461
0.12146
0.121459
0.121459
0.121458
0.121457
0.121457
0.121456
0.121455
0.121454
0.121453
0.121453
0.121452
0.121451
0.12145
0.121449
0.121448
0.121447
0.121446
0.121445
0.121444
0.121443
0.121442
0.121441
0.12144
0.121439
0.121437
0.121436
0.121435
0.121434
0.121433
0.121432
0.121431
0.12143
0.121429
0.121428
0.121427
0.121426
0.121425
0.121424
0.121423
0.121423
0.121422
0.121421
0.12142
0.121419
0.121418
0.121418
0.121417
0.121416
0.121416
0.121415
0.121415
0.121414
0.121413
0.121413
0.121412
0.121412
0.121412
0.121411
0.121411
0.12141
0.12141
0.12141
0.121409
0.121409
0.121409
0.121409
0.121408
0.121408
0.121408
0.121408
0.121407
0.121407
0.121407
0.121407
0.121406
0.121406
0.121406
0.121406
0.121405
0.121405
0.121405
0.121405
0.121404
0.121404
0.121404
0.121403
0.121403
0.121403
0.121402
0.121402
0.121401
0.121401
0.121401
0.1214
0.1214
0.121399
0.121399
0.121399
0.121398
0.121398
0.121397
0.121397
0.121396
0.121396
0.121395
0.121395
0.121394
0.121394
0.121393
0.121393
0.121393
0.121392
0.121392
0.121391
0.121391
0.12139
0.12139
0.12139
0.121389
0.121389
0.121389
0.121388
0.121388
0.121388
0.121387
0.121387
0.121387
0.121387
0.121386
0.121386
0.121386
0.121386
0.121386
0.121385
0.121385
0.121385
0.121385
0.121385
0.121385
0.121385
0.121385
0.121385
0.121385
0.121385
0.121385
0.121385
0.121385
0.121385
0.121385
0.121385
0.121385
0.121385
0.121385
0.121385
0.121385
0.121385
0.121385
0.121385
0.121385
0.121385
0.121385
0.121385
0.121385
0.121385
0.121385
0.121385
0.121386
0.121386
0.121386
0.121386
0.121386
0.121386
0.121386
0.121386
0.121386
0.121386
0.121386
0.121387
0.121387
0.121387
0.121387
0.121387
0.121387
0.121387
0.121387
0.121387
0.121387
0.121388
0.121388
0.121388
0.121388
0.121388
0.121388
0.121388
0.121388
0.121388
0.121388
0.121388
0.121389
0.121389
0.121389
0.121389
0.121389
0.121389
0.121389
0.121389
0.121389
0.121389
0.121389
0.121389
0.121389
0.12139
0.12139
0.12139
0.12139
0.12139
0.12139
0.12139
0.12139
0.12139
0.12139
0.12139
0.12139
0.12139
0.12139
0.12139
0.12139
0.12139
0.12139
0.12139
0.12139
0.12139
0.12139
0.12139
0.121389
0.121389
0.121389
0.121389
0.121389
0.121389
0.121389
0.121388
0.121388
0.121388
0.121388
0.121388
0.121387
0.121387
0.121387
0.121386
0.121386
0.121386
0.121385
0.121385
0.121384
0.121384
0.121384
0.121383
0.121383
0.121382
0.121382
0.121381
0.121381
0.12138
0.12138
0.121379
0.121379
0.121378
0.121377
0.121377
0.121376
0.121376
0.121375
0.121375
0.121374
0.121373
0.121373
0.121372
0.121372
0.121371
0.121371
0.12137
0.12137
0.121369
0.121369
0.121368
0.121368
0.121367
0.121367
0.121366
0.121366
0.121366
0.121365
0.121365
0.121365
0.121364
0.121364
0.121364
0.121364
0.121363
0.121363
0.121363
0.121363
0.121363
0.121363
0.121362
0.121362
0.121362
0.121362
0.121362
0.121362
0.121362
0.121362
0.121362
0.121363
0.121363
0.121363
0.121363
0.121363
0.121363
0.121363
0.121363
0.121364
0.121364
0.121364
0.121364
0.121364
0.121365
0.121365
0.121365
0.121365
0.121365
0.121366
0.121366
0.121366
0.121366
0.121366
0.121366
0.121367
0.121367
0.121367
0.121367
0.121367
0.121367
0.121367
0.121368
0.121368
0.121368
0.121368
0.121368
0.121368
0.121368
0.121368
0.121368
0.121367
0.121367
0.121367
0.121367
0.121367
0.121367
0.121366
0.121366
0.121366
0.121366
0.121365
0.121365
0.121365
0.121364
0.121364
0.121364
0.121363
0.121363
0.121362
0.121362
0.121361
0.121361
0.12136
0.12136
0.121359
0.121359
0.121358
0.121358
0.121357
0.121357
0.121356
0.121356
0.121355
0.121354
0.121354
0.121353
0.121353
0.121352
0.121352
0.121351
0.12135
0.12135
0.121349
0.121349
0.121348
0.121347
0.121347
0.121346
0.121346
0.121345
0.121344
0.121344
0.121343
0.121342
0.121342
0.121341
0.12134
0.12134
0.121339
0.121338
0.121338
0.121337
0.121336
0.121335
0.121335
0.121334
0.121333
0.121332
0.121332
0.121331
0.12133
0.121329
0.121329
0.121328
0.121327
0.121326
0.121325
0.121324
0.121324
0.121323
0.121322
0.121321
0.12132
0.121319
0.121318
0.121318
0.121317
0.121316
0.121315
0.121314
0.121313
0.121313
0.121312
0.121311
0.12131
0.12131
0.121309
0.121308
0.121307
0.121307
0.121306
0.121305
0.121305
0.121304
0.121303
0.121303
0.121302
0.121302
0.121301
0.121301
0.1213
0.1213
0.121299
0.121299
0.121298
0.121298
0.121298
0.121297
0.121297
0.121297
0.121297
0.121296
0.121296
0.121296
0.121296
0.121296
0.121295
0.121295
0.121295
0.121295
0.121295
0.121295
0.121295
0.121295
0.121295
0.121295
0.121295
0.121295
0.121295
0.121295
0.121295
0.121295
0.121295
0.121295
0.121295
0.121295
0.121296
0.121296
0.121296
0.121296
0.121296
0.121296
0.121296
0.121296
0.121296
0.121297
0.121297
0.121297
0.121297
0.121297
0.121297
0.121297
0.121297
0.121298
0.121298
0.121298
0.121298
0.121298
0.121298
0.121298
0.121298
0.121298
0.121298
0.121299
0.121299
0.121299
0.121299
0.121299
0.121299
0.121299
0.121299
0.121299
0.121299
0.121299
0.121299
0.121299
0.121299
0.121299
0.121299
0.1213
0.1213
0.1213
0.1213
0.1213
0.1213
0.1213
0.1213
0.1213
0.1213
0.1213
0.1213
0.1213
0.1213
0.1213
0.1213
0.1213
0.1213
0.1213
0.1213
0.1213
0.1213
0.1213
0.1213
0.1213
0.1213
0.1213
0.1213
0.1213
0.1213
0.1213
0.1213
0.1213
0.121299
0.121299
0.121299
0.121299
0.121299
0.121299
0.121299
0.121299
0.121299
0.121299
0.121299
0.121299
0.121299
0.121299
0.121299
0.121299
0.121299
0.121299
0.121299
0.121299
0.121299
0.121299
0.121299
0.121299
0.121299
0.121299
0.121299
0.121299
0.121299
0.121299
0.121299
0.121299
0.121299
0.121299
0.121299
0.121299
0.121299
0.121299
0.121299
0.121299
0.121299
0.121299
0.121299
0.121299
0.121299
0.121299
0.121299
0.121299
0.121299
0.121299
0.121299
0.121299
0.121299
0.121299
0.121298
0.121298
0.121298
0.121298
0.121298
0.121298
0.121298
0.121297
0.121297
0.121297
0.121297
0.121296
0.121296
0.121296
0.121295
0.121295
0.121295
0.121294
0.121294
0.121293
0.121293
0.121293
0.121292
0.121292
0.121291
0.121291
0.12129
0.12129
0.121289
0.121288
0.121288
0.121287
0.121287
0.121286
0.121285
0.121285
0.121284
0.121283
0.121283
0.121282
0.121281
0.121281
0.12128
0.121279
0.121279
0.121278
0.121277
0.121277
0.121276
0.121276
0.121275
0.121274
0.121274
0.121273
0.121273
0.121272
0.121272
0.121271
0.121271
0.12127
0.12127
0.12127
0.121269
0.121269
0.121269
0.121269
0.121268
0.121268
0.121268
0.121268
0.121268
0.121268
0.121268
0.121267
0.121267
0.121268
0.121268
0.121268
0.121268
0.121268
0.121268
0.121268
0.121268
0.121269
0.121269
0.121269
0.121269
0.12127
0.12127
0.12127
0.121271
0.121271
0.121271
0.121272
0.121272
0.121273
0.121273
0.121274
0.121274
0.121274
0.121275
0.121275
0.121276
0.121276
0.121277
0.121277
0.121278
0.121278
0.121278
0.121279
0.121279
0.12128
0.12128
0.12128
0.121281
0.121281
0.121281
0.121282
0.121282
0.121282
0.121282
0.121282
0.121282
0.121282
0.121282
0.121282
0.121282
0.121282
0.121281
0.121281
0.121281
0.12128
0.12128
0.121279
0.121278
0.121278
0.121277
0.121276
0.121275
0.121274
0.121273
0.121272
0.12127
0.121269
0.121268
0.121266
0.121264
0.121263
0.121261
0.121259
0.121257
0.121255
0.121253
0.121251
0.121249
0.121247
0.121245
0.121243
0.12124
0.121238
0.121236
0.121233
0.121231
0.121228
0.121226
0.121223
0.121221
0.121218
0.121216
0.121213
0.121211
0.121208
0.121206
0.121203
0.121201
0.121198
0.121196
0.121194
0.121192
0.121189
0.121187
0.121185
0.121183
0.121181
0.121179
0.121177
0.121176
0.121174
0.121172
0.121171
0.12117
0.121168
0.121167
0.121166
0.121165
0.121164
0.121163
0.121162
0.121161
0.12116
0.12116
0.121159
0.121159
0.121158
0.121158
0.121158
0.121157
0.121157
0.121157
0.121157
0.121157
0.121157
0.121157
0.121158
0.121158
0.121158
0.121159
0.121159
0.121159
0.12116
0.12116
0.121161
0.121161
0.121162
0.121162
0.121163
0.121164
0.121164
0.121165
0.121165
0.121166
0.121166
0.121167
0.121167
0.121168
0.121168
0.121169
0.121169
0.121169
0.12117
0.12117
0.12117
0.12117
0.121171
0.121171
0.121171
0.121171
0.12117
0.12117
0.12117
0.12117
0.121169
0.121169
0.121168
0.121168
0.121167
0.121166
0.121166
0.121165
0.121164
0.121163
0.121162
0.121161
0.121159
0.121158
0.121157
0.121155
0.121154
0.121153
0.121151
0.12115
0.121148
0.121147
0.121145
0.121143
0.121142
0.12114
0.121139
0.121137
0.121136
0.121134
0.121133
0.121131
0.12113
0.121128
0.121127
0.121126
0.121124
0.121123
0.121122
0.121121
0.12112
0.121119
0.121118
0.121117
0.121116
0.121115
0.121114
0.121113
0.121113
0.121112
0.121112
0.121111
0.121111
0.121111
0.12111
0.12111
0.12111
0.12111
0.12111
0.121109
0.121109
0.121109
0.121109
0.12111
0.12111
0.12111
0.12111
0.12111
0.12111
0.121111
0.121111
0.121111
0.121112
0.121112
0.121112
0.121113
0.121113
0.121113
0.121114
0.121114
0.121115
0.121115
0.121115
0.121116
0.121116
0.121116
0.121117
0.121117
0.121117
0.121118
0.121118
0.121118
0.121119
0.121119
0.121119
0.121119
0.121119
0.12112
0.12112
0.12112
0.12112
0.12112
0.12112
0.12112
0.12112
0.12112
0.12112
0.12112
0.121119
0.121119
0.121119
0.121119
0.121118
0.121118
0.121118
0.121117
0.121117
0.121116
0.121116
0.121115
0.121114
0.121114
0.121113
0.121112
0.121112
0.121111
0.12111
0.121109
0.121108
0.121107
0.121106
0.121105
0.121104
0.121103
0.121102
0.1211
0.121099
0.121098
0.121097
0.121095
0.121094
0.121092
0.121091
0.12109
0.121088
0.121087
0.121085
0.121083
0.121082
0.12108
0.121079
0.121077
0.121075
0.121073
0.121072
0.12107
0.121068
0.121067
0.121065
0.121063
0.121062
0.12106
0.121058
0.121057
0.121055
0.121054
0.121052
0.12105
0.121049
0.121048
0.121046
0.121045
0.121044
0.121042
0.121041
0.12104
0.121039
0.121038
0.121037
0.121036
0.121035
0.121034
0.121034
0.121033
0.121032
0.121032
0.121031
0.121031
0.12103
0.12103
0.12103
0.12103
0.121029
0.121029
0.121029
0.121029
0.121029
0.121029
0.121029
0.12103
0.12103
0.12103
0.12103
0.12103
0.12103
0.121031
0.121031
0.121031
0.121031
0.121031
0.121032
0.121032
0.121032
0.121032
0.121032
0.121032
0.121032
0.121032
0.121032
0.121032
0.121032
0.121032
0.121032
0.121032
0.121031
0.121031
0.121031
0.12103
0.12103
0.121029
0.121028
0.121027
0.121027
0.121026
0.121025
0.121024
0.121023
0.121022
0.12102
0.121019
0.121018
0.121017
0.121015
0.121014
0.121012
0.121011
0.121009
0.121007
0.121006
0.121004
0.121002
0.121001
0.120999
0.120997
0.120995
0.120993
0.120992
0.12099
0.120988
0.120986
0.120984
0.120983
0.120981
0.120979
0.120977
0.120976
0.120974
0.120972
0.120971
0.120969
0.120968
0.120966
0.120965
0.120964
0.120962
0.120961
0.12096
0.120959
0.120958
0.120956
0.120955
0.120955
0.120954
0.120953
0.120952
0.120951
0.120951
0.12095
0.120949
0.120949
0.120948
0.120948
0.120947
0.120947
0.120947
0.120946
0.120946
0.120946
0.120946
0.120946
0.120945
0.120945
0.120945
0.120945
0.120945
0.120945
0.120945
0.120945
0.120945
0.120945
0.120945
0.120945
0.120944
0.120944
0.120944
0.120944
0.120944
0.120944
0.120944
0.120944
0.120944
0.120944
0.120944
0.120943
0.120943
0.120943
0.120943
0.120943
0.120942
0.120942
0.120942
0.120942
0.120941
0.120941
0.120941
0.120941
0.12094
0.12094
0.12094
0.120939
0.120939
0.120939
0.120938
0.120938
0.120938
0.120937
0.120937
0.120937
0.120936
0.120936
0.120936
0.120935
0.120935
0.120935
0.120934
0.120934
0.120934
0.120934
0.120933
0.120933
0.120933
0.120933
0.120932
0.120932
0.120932
0.120932
0.120932
0.120932
0.120931
0.120931
0.120931
0.120931
0.120931
0.120931
0.120931
0.120931
0.120931
0.120931
0.120931
0.120931
0.120931
0.120931
0.120931
0.120931
0.120931
0.120931
0.120931
0.120931
0.120931
0.120931
0.120931
0.120931
0.120931
0.120931
0.120931
0.120931
0.120931
0.120931
0.120931
0.120932
0.120932
0.120932
0.120932
0.120932
0.120932
0.120932
0.120932
0.120932
0.120932
0.120932
0.120932
0.120933
0.120933
0.120933
0.120933
0.120933
0.120933
0.120933
0.120933
0.120933
0.120933
0.120933
0.120933
0.120933
0.120933
0.120933
0.120933
0.120933
0.120933
0.120933
0.120933
0.120933
0.120933
0.120933
0.120933
0.120933
0.120933
0.120933
0.120933
0.120933
0.120933
0.120933
0.120933
0.120933
0.120933
0.120933
0.120933
0.120933
0.120932
0.120932
0.120932
0.120932
0.120932
0.120932
0.120932
0.120931
0.120931
0.120931
0.120931
0.120931
0.12093
0.12093
0.12093
0.12093
0.120929
0.120929
0.120929
0.120929
0.120928
0.120928
0.120928
0.120927
0.120927
0.120927
0.120926
0.120926
0.120926
0.120925
0.120925
0.120924
0.120924
0.120924
0.120923
0.120923
0.120923
0.120922
0.120922
0.120921
0.120921
0.120921
0.12092
0.12092
0.120919
0.120919
0.120919
0.120918
0.120918
0.120918
0.120917
0.120917
0.120916
0.120916
0.120916
0.120915
0.120915
0.120915
0.120914
0.120914
0.120914
0.120913
0.120913
0.120913
0.120912
0.120912
0.120912
0.120912
0.120911
0.120911
0.120911
0.120911
0.12091
0.12091
0.12091
0.12091
0.12091
0.120909
0.120909
0.120909
0.120909
0.120909
0.120908
0.120908
0.120908
0.120908
0.120908
0.120908
0.120908
0.120908
0.120908
0.120907
0.120907
0.120907
0.120907
0.120907
0.120907
0.120907
0.120907
0.120907
0.120907
0.120907
0.120907
0.120907
0.120907
0.120907
0.120907
0.120907
0.120907
0.120907
0.120907
0.120907
0.120907
0.120907
0.120907
0.120907
0.120907
0.120907
0.120907
0.120907
0.120907
0.120907
0.120907
0.120908
0.120908
0.120908
0.120908
0.120908
0.120908
0.120908
0.120908
0.120908
0.120908
0.120908
0.120909
0.120909
0.120909
0.120909
0.120909
0.120909
0.120909
0.120909
0.120909
0.12091
0.12091
0.12091
0.12091
0.12091
0.12091
0.12091
0.12091
0.12091
0.12091
0.12091
0.120911
0.120911
0.120911
0.120911
0.120911
0.120911
0.120911
0.120911
0.120911
0.120911
0.120911
0.120911
0.120911
0.120911
0.120911
0.120911
0.120911
0.12091
0.12091
0.12091
0.12091
0.12091
0.12091
0.12091
0.120909
0.120909
0.120909
0.120909
0.120908
0.120908
0.120908
0.120908
0.120907
0.120907
0.120906
0.120906
0.120906
0.120905
0.120905
0.120904
0.120904
0.120904
0.120903
0.120903
0.120902
0.120902
0.120901
0.120901
0.1209
0.1209
0.120899
0.120898
0.120898
0.120897
0.120897
0.120896
0.120896
0.120895
0.120895
0.120894
0.120894
0.120893
0.120893
0.120892
0.120892
0.120891
0.120891
0.120891
0.12089
0.12089
0.120889
0.120889
0.120889
0.120888
0.120888
0.120888
0.120887
0.120887
0.120887
0.120887
0.120886
0.120886
0.120886
0.120886
0.120885
0.120885
0.120885
0.120885
0.120885
0.120885
0.120885
0.120884
0.120884
0.120884
0.120884
0.120884
0.120884
0.120884
0.120884
0.120884
0.120884
0.120884
0.120883
0.120883
0.120883
0.120883
0.120883
0.120883
0.120883
0.120883
0.120883
0.120883
0.120883
0.120883
0.120883
0.120882
0.120882
0.120882
0.120882
0.120882
0.120882
0.120882
0.120882
0.120882
0.120881
0.120881
0.120881
0.120881
0.120881
0.120881
0.12088
0.12088
0.12088
0.12088
0.12088
0.12088
0.120879
0.120879
0.120879
0.120879
0.120879
0.120878
0.120878
0.120878
0.120878
0.120878
0.120877
0.120877
0.120877
0.120877
0.120877
0.120876
0.120876
0.120876
0.120876
0.120876
0.120875
0.120875
0.120875
0.120875
0.120875
0.120875
0.120874
0.120874
0.120874
0.120874
0.120874
0.120874
0.120874
0.120873
0.120873
0.120873
0.120873
0.120873
0.120873
0.120873
0.120873
0.120873
0.120873
0.120872
0.120872
0.120872
0.120872
0.120872
0.120872
0.120872
0.120872
0.120872
0.120872
0.120872
0.120872
0.120872
0.120872
0.120872
0.120872
0.120872
0.120871
0.120871
0.120871
0.120871
0.120871
0.120871
0.120871
0.120871
0.120871
0.120871
0.120871
0.120871
0.120871
0.120871
0.120871
0.120871
0.120871
0.120871
0.120871
0.120871
0.120871
0.120871
0.120871
0.120871
0.120871
0.120871
0.120871
0.120871
0.120871
0.120871
0.120871
0.120871
0.120871
0.120871
0.120871
0.120871
0.120871
0.120871
0.120871
0.120871
0.120871
0.120871
0.120871
0.120871
0.120871
0.120871
0.120871
0.120871
0.120871
0.120871
0.12087
0.12087
0.12087
0.12087
0.12087
0.12087
0.12087
0.12087
0.12087
0.12087
0.12087
0.12087
0.12087
0.12087
0.12087
0.12087
0.12087
0.12087
0.12087
0.12087
0.12087
0.12087
0.120869
0.120869
0.120869
0.120869
0.120869
0.120869
0.120869
0.120869
0.120869
0.120869
0.120869
0.120869
0.120869
0.120869
0.120869
0.120869
0.120869
0.120868
0.120868
0.120868
0.120868
0.120868
0.120868
0.120868
0.120868
0.120868
0.120868
0.120868
0.120868
0.120868
0.120868
0.120868
0.120867
0.120867
0.120867
0.120867
0.120867
0.120867
0.120867
0.120867
0.120867
0.120867
0.120867
0.120867
0.120867
0.120867
0.120867
0.120867
0.120866
0.120866
0.120866
0.120866
0.120866
0.120866
0.120866
0.120866
0.120866
0.120866
0.120866
0.120866
0.120866
0.120866
0.120866
0.120866
0.120866
0.120866
0.120866
0.120866
0.120865
0.120865
0.120865
0.120865
0.120865
0.120865
0.120865
0.120865
0.120865
0.120865
0.120865
0.120865
0.120865
0.120865
0.120865
0.120865
0.120865
0.120865
0.120865
0.120865
0.120865
0.120865
0.120865
0.120865
0.120865
0.120865
0.120865
0.120865
0.120865
0.120865
0.120865
0.120866
0.120866
0.120866
0.120866
0.120866
0.120866
0.120866
0.120866
0.120866
0.120866
0.120866
0.120866
0.120866
0.120866
0.120867
0.120867
0.120867
0.120867
0.120867
0.120867
0.120867
0.120867
0.120867
0.120868
0.120868
0.120868
0.120868
0.120868
0.120868
0.120868
0.120869
0.120869
0.120869
0.120869
0.120869
0.120869
0.12087
0.12087
0.12087
0.12087
0.12087
0.12087
0.120871
0.120871
0.120871
0.120871
0.120871
0.120871
0.120871
0.120871
0.120872
0.120872
0.120872
0.120872
0.120872
0.120872
0.120872
0.120872
0.120872
0.120872
0.120872
0.120872
0.120872
0.120872
0.120872
0.120872
0.120872
0.120872
0.120872
0.120871
0.120871
0.120871
0.120871
0.120871
0.12087
0.12087
0.12087
0.120869
0.120869
0.120868
0.120868
0.120867
0.120867
0.120866
0.120866
0.120865
0.120865
0.120864
0.120863
0.120863
0.120862
0.120861
0.12086
0.12086
0.120859
0.120858
0.120857
0.120856
0.120855
0.120854
0.120853
0.120852
0.120851
0.12085
0.120849
0.120848
0.120847
0.120846
0.120845
0.120844
0.120843
0.120842
0.120841
0.12084
0.120839
0.120838
0.120837
0.120836
0.120835
0.120834
0.120833
0.120832
0.120831
0.12083
0.120829
0.120829
0.120828
0.120827
0.120826
0.120826
0.120825
0.120824
0.120824
0.120823
0.120822
0.120822
0.120821
0.120821
0.12082
0.12082
0.12082
0.120819
0.120819
0.120819
0.120818
0.120818
0.120818
0.120818
0.120817
0.120817
0.120817
0.120817
0.120817
0.120817
0.120817
0.120817
0.120817
0.120817
0.120817
0.120817
0.120817
0.120817
0.120817
0.120817
0.120817
0.120818
0.120818
0.120818
0.120818
0.120818
0.120818
0.120818
0.120818
0.120819
0.120819
0.120819
0.120819
0.120819
0.120819
0.120819
0.12082
0.12082
0.12082
0.12082
0.12082
0.12082
0.12082
0.12082
0.12082
0.120821
0.120821
0.120821
0.120821
0.120821
0.120821
0.120821
0.120821
0.120821
0.120821
0.120821
0.120821
0.120821
0.120821
0.120821
0.120822
0.120822
0.120822
0.120822
0.120822
0.120822
0.120822
0.120822
0.120822
0.120822
0.120822
0.120822
0.120821
0.120821
0.120821
0.120821
0.120821
0.120821
0.120821
0.120821
0.120821
0.120821
0.120821
0.120821
0.120821
0.120821
0.120821
0.120821
0.120821
0.120821
0.120821
0.12082
0.12082
0.12082
0.12082
0.12082
0.12082
0.12082
0.12082
0.12082
0.12082
0.12082
0.12082
0.12082
0.120819
0.120819
0.120819
0.120819
0.120819
0.120819
0.120819
0.120819
0.120819
0.120819
0.120819
0.120819
0.120818
0.120818
0.120818
0.120818
0.120818
0.120818
0.120818
0.120818
0.120818
0.120818
0.120818
0.120818
0.120818
0.120818
0.120818
0.120817
0.120817
0.120817
0.120817
0.120817
0.120817
0.120817
0.120817
0.120817
0.120817
0.120817
0.120817
0.120817
0.120817
0.120817
0.120817
0.120817
0.120817
0.120817
0.120817
0.120817
0.120817
0.120817
0.120816
0.120816
0.120816
0.120816
0.120816
0.120816
0.120816
0.120816
0.120816
0.120816
0.120816
0.120816
0.120816
0.120816
0.120816
0.120817
0.120817
0.120817
0.120817
0.120817
0.120817
0.120817
0.120817
0.120817
0.120817
0.120817
0.120817
0.120817
0.120817
0.120817
0.120817
0.120817
0.120817
0.120818
0.120818
0.120818
0.120818
0.120818
0.120818
0.120818
0.120818
0.120818
0.120819
0.120819
0.120819
0.120819
0.120819
0.120819
0.12082
0.12082
0.12082
0.12082
0.12082
0.12082
0.120821
0.120821
0.120821
0.120821
0.120822
0.120822
0.120822
0.120822
0.120822
0.120823
0.120823
0.120823
0.120823
0.120824
0.120824
0.120824
0.120824
0.120825
0.120825
0.120825
0.120825
0.120826
0.120826
0.120826
0.120826
0.120827
0.120827
0.120827
0.120827
0.120827
0.120828
0.120828
0.120828
0.120828
0.120828
0.120828
0.120828
0.120828
0.120829
0.120829
0.120829
0.120829
0.120829
0.120829
0.120828
0.120828
0.120828
0.120828
0.120828
0.120828
0.120827
0.120827
0.120827
0.120826
0.120826
0.120825
0.120825
0.120824
0.120824
0.120823
0.120822
0.120822
0.120821
0.12082
0.120819
0.120818
0.120817
0.120816
0.120815
0.120814
0.120813
0.120812
0.120811
0.12081
0.120808
0.120807
0.120806
0.120804
0.120803
0.120802
0.1208
0.120799
0.120797
0.120796
0.120794
0.120793
0.120791
0.12079
0.120788
0.120787
0.120785
0.120783
0.120782
0.120781
0.120779
0.120778
0.120776
0.120775
0.120773
0.120772
0.120771
0.120769
0.120768
0.120767
0.120766
0.120765
0.120764
0.120763
0.120762
0.120761
0.12076
0.120759
0.120758
0.120757
0.120757
0.120756
0.120755
0.120755
0.120754
0.120754
0.120753
0.120753
0.120753
0.120752
0.120752
0.120752
0.120752
0.120752
0.120751
0.120751
0.120751
0.120751
0.120751
0.120751
0.120751
0.120751
0.120752
0.120752
0.120752
0.120752
0.120752
0.120752
0.120753
0.120753
0.120753
0.120753
0.120754
0.120754
0.120754
0.120754
0.120755
0.120755
0.120755
0.120756
0.120756
0.120756
0.120756
0.120757
0.120757
0.120757
0.120758
0.120758
0.120758
0.120759
0.120759
0.120759
0.120759
0.12076
0.12076
0.12076
0.12076
0.120761
0.120761
0.120761
0.120761
0.120761
0.120762
0.120762
0.120762
0.120762
0.120762
0.120762
0.120762
0.120763
0.120763
0.120763
0.120763
0.120763
0.120763
0.120763
0.120763
0.120763
0.120763
0.120763
0.120763
0.120763
0.120763
0.120763
0.120763
0.120763
0.120763
0.120763
0.120763
0.120762
0.120762
0.120762
0.120762
0.120762
0.120762
0.120762
0.120761
0.120761
0.120761
0.120761
0.120761
0.12076
0.12076
0.12076
0.12076
0.12076
0.120759
0.120759
0.120759
0.120759
0.120758
0.120758
0.120758
0.120758
0.120757
0.120757
0.120757
0.120757
0.120756
0.120756
0.120756
0.120756
0.120755
0.120755
0.120755
0.120755
0.120754
0.120754
0.120754
0.120754
0.120753
0.120753
0.120753
0.120753
0.120752
0.120752
0.120752
0.120752
0.120752
0.120751
0.120751
0.120751
0.120751
0.120751
0.12075
0.12075
0.12075
0.12075
0.12075
0.12075
0.120749
0.120749
0.120749
0.120749
0.120749
0.120749
0.120749
0.120749
0.120748
0.120748
0.120748
0.120748
0.120748
0.120748
0.120748
0.120748
0.120748
0.120748
0.120747
0.120747
0.120747
0.120747
0.120747
0.120747
0.120747
0.120747
0.120747
0.120747
0.120747
0.120747
0.120747
0.120747
0.120747
0.120747
0.120746
0.120746
0.120746
0.120746
0.120746
0.120746
0.120746
0.120746
0.120746
0.120746
0.120746
0.120746
0.120746
0.120746
0.120746
0.120746
0.120746
0.120746
0.120746
0.120745
0.120745
0.120745
0.120745
0.120745
0.120745
0.120745
0.120745
0.120745
0.120745
0.120745
0.120745
0.120745
0.120745
0.120745
0.120745
0.120745
0.120744
0.120744
0.120744
0.120744
0.120744
0.120744
0.120744
0.120744
0.120744
0.120744
0.120744
0.120744
0.120744
0.120744
0.120744
0.120743
0.120743
0.120743
0.120743
0.120743
0.120743
0.120743
0.120743
0.120743
0.120743
0.120743
0.120743
0.120743
0.120743
0.120743
0.120743
0.120742
0.120742
0.120742
0.120742
0.120742
0.120742
0.120742
0.120742
0.120742
0.120742
0.120742
0.120742
0.120742
0.120742
0.120742
0.120742
0.120742
0.120742
0.120742
0.120741
0.120741
0.120741
0.120741
0.120741
0.120741
0.120741
0.120741
0.120741
0.120741
0.120741
0.120741
0.120741
0.120741
0.120741
0.120741
0.120741
0.120741
0.120741
0.120741
0.120741
0.120741
0.120741
0.120741
0.120741
0.120742
0.120742
0.120742
0.120742
0.120742
0.120742
0.120742
0.120742
0.120742
0.120742
0.120742
0.120742
0.120742
0.120742
0.120743
0.120743
0.120743
0.120743
0.120743
0.120743
0.120743
0.120744
0.120744
0.120744
0.120744
0.120744
0.120744
0.120745
0.120745
0.120745
0.120745
0.120745
0.120746
0.120746
0.120746
0.120746
0.120746
0.120747
0.120747
0.120747
0.120747
0.120747
0.120748
0.120748
0.120748
0.120748
0.120749
0.120749
0.120749
0.120749
0.120749
0.12075
0.12075
0.12075
0.12075
0.12075
0.12075
0.12075
0.120751
0.120751
0.120751
0.120751
0.120751
0.120751
0.120751
0.120751
0.120751
0.120751
0.120751
0.120751
0.120751
0.12075
0.12075
0.12075
0.12075
0.12075
0.120749
0.120749
0.120749
0.120748
0.120748
0.120747
0.120747
0.120746
0.120746
0.120745
0.120745
0.120744
0.120743
0.120743
0.120742
0.120741
0.12074
0.120739
0.120738
0.120737
0.120736
0.120735
0.120734
0.120733
0.120732
0.120731
0.12073
0.120728
0.120727
0.120726
0.120724
0.120723
0.120722
0.12072
0.120719
0.120717
0.120716
0.120714
0.120712
0.120711
0.120709
0.120708
0.120706
0.120704
0.120703
0.120701
0.120699
0.120697
0.120696
0.120694
0.120692
0.120691
0.120689
0.120687
0.120686
0.120684
0.120682
0.120681
0.120679
0.120678
0.120676
0.120675
0.120673
0.120672
0.120671
0.120669
0.120668
0.120667
0.120666
0.120665
0.120664
0.120662
0.120661
0.120661
0.12066
0.120659
0.120658
0.120657
0.120657
0.120656
0.120655
0.120655
0.120654
0.120654
0.120654
0.120653
0.120653
0.120653
0.120653
0.120652
0.120652
0.120652
0.120652
0.120652
0.120652
0.120652
0.120652
0.120652
0.120652
0.120652
0.120652
0.120652
0.120653
0.120653
0.120653
0.120653
0.120653
0.120654
0.120654
0.120654
0.120654
0.120655
0.120655
0.120655
0.120656
0.120656
0.120656
0.120656
0.120657
0.120657
0.120657
0.120657
0.120658
0.120658
0.120658
0.120659
0.120659
0.120659
0.120659
0.12066
0.12066
0.12066
0.12066
0.120661
0.120661
0.120661
0.120661
0.120662
0.120662
0.120662
0.120662
0.120663
0.120663
0.120663
0.120663
0.120663
0.120664
0.120664
0.120664
0.120664
0.120664
0.120665
0.120665
0.120665
0.120665
0.120665
0.120665
0.120666
0.120666
0.120666
0.120666
0.120666
0.120666
0.120667
0.120667
0.120667
0.120667
0.120667
0.120668
0.120668
0.120668
0.120668
0.120668
0.120668
0.120669
0.120669
0.120669
0.120669
0.120669
0.120669
0.12067
0.12067
0.12067
0.12067
0.12067
0.120671
0.120671
0.120671
0.120671
0.120671
0.120672
0.120672
0.120672
0.120672
0.120672
0.120672
0.120673
0.120673
0.120673
0.120673
0.120673
0.120673
0.120674
0.120674
0.120674
0.120674
0.120674
0.120674
0.120674
0.120674
0.120674
0.120674
0.120674
0.120674
0.120674
0.120674
0.120674
0.120674
0.120674
0.120674
0.120674
0.120674
0.120674
0.120674
0.120673
0.120673
0.120673
0.120673
0.120672
0.120672
0.120671
0.120671
0.120671
0.12067
0.12067
0.120669
0.120669
0.120668
0.120667
0.120667
0.120666
0.120665
0.120664
0.120664
0.120663
0.120662
0.120661
0.12066
0.120659
0.120658
0.120657
0.120656
0.120655
0.120654
0.120653
0.120652
0.12065
0.120649
0.120648
0.120647
0.120646
0.120645
0.120643
0.120642
0.120641
0.12064
0.120638
0.120637
0.120636
0.120635
0.120634
0.120633
0.120631
0.12063
0.120629
0.120628
0.120627
0.120626
0.120625
0.120624
0.120623
0.120622
0.120621
0.12062
0.12062
0.120619
0.120618
0.120617
0.120617
0.120616
0.120615
0.120615
0.120614
0.120614
0.120613
0.120613
0.120613
0.120612
0.120612
0.120612
0.120611
0.120611
0.120611
0.120611
0.120611
0.12061
0.12061
0.12061
0.12061
0.12061
0.12061
0.12061
0.12061
0.120609
0.120609
0.120609
0.120609
0.120609
0.120608
0.120608
0.120608
0.120608
0.120607
0.120607
0.120607
0.120606
0.120606
0.120605
0.120605
0.120604
0.120603
0.120603
0.120602
0.120601
0.120601
0.1206
0.120599
0.120598
0.120597
0.120596
0.120596
0.120595
0.120594
0.120593
0.120592
0.120591
0.12059
0.120589
0.120588
0.120587
0.120586
0.120585
0.120584
0.120583
0.120582
0.120581
0.12058
0.120579
0.120578
0.120577
0.120577
0.120576
0.120575
0.120574
0.120574
0.120573
0.120572
0.120572
0.120571
0.120571
0.12057
0.120569
0.120569
0.120568
0.120568
0.120567
0.120567
0.120567
0.120566
0.120566
0.120565
0.120565
0.120565
0.120564
0.120564
0.120564
0.120563
0.120563
0.120563
0.120562
0.120562
0.120562
0.120561
0.120561
0.120561
0.120561
0.12056
0.12056
0.12056
0.12056
0.120559
0.120559
0.120559
0.120559
0.120559
0.120558
0.120558
0.120558
0.120558
0.120558
0.120558
0.120558
0.120557
0.120557
0.120557
0.120557
0.120557
0.120557
0.120557
0.120557
0.120557
0.120557
0.120557
0.120557
0.120557
0.120557
0.120557
0.120557
0.120557
0.120557
0.120557
0.120557
0.120557
0.120557
0.120557
0.120557
0.120557
0.120557
0.120556
0.120556
0.120556
0.120556
0.120556
0.120556
0.120555
0.120555
0.120555
0.120555
0.120554
0.120554
0.120554
0.120553
0.120553
0.120552
0.120552
0.120551
0.120551
0.12055
0.12055
0.120549
0.120549
0.120548
0.120547
0.120546
0.120546
0.120545
0.120544
0.120543
0.120543
0.120542
0.120541
0.12054
0.120539
0.120538
0.120537
0.120536
0.120535
0.120534
0.120533
0.120532
0.12053
0.120529
0.120528
0.120527
0.120526
0.120524
0.120523
0.120522
0.12052
0.120519
0.120518
0.120516
0.120515
0.120514
0.120512
0.120511
0.12051
0.120508
0.120507
0.120505
0.120504
0.120502
0.120501
0.120499
0.120498
0.120496
0.120495
0.120493
0.120492
0.12049
0.120489
0.120487
0.120486
0.120484
0.120483
0.120481
0.12048
0.120478
0.120477
0.120475
0.120474
0.120472
0.120471
0.120469
0.120468
0.120467
0.120465
0.120464
0.120462
0.120461
0.12046
0.120458
0.120457
0.120456
0.120455
0.120454
0.120453
0.120451
0.12045
0.120449
0.120448
0.120448
0.120447
0.120446
0.120445
0.120444
0.120444
0.120443
0.120442
0.120442
0.120441
0.120441
0.12044
0.12044
0.12044
0.120439
0.120439
0.120439
0.120439
0.120439
0.120438
0.120438
0.120438
0.120438
0.120438
0.120438
0.120439
0.120439
0.120439
0.120439
0.120439
0.12044
0.12044
0.12044
0.12044
0.120441
0.120441
0.120441
0.120442
0.120442
0.120442
0.120443
0.120443
0.120443
0.120444
0.120444
0.120445
0.120445
0.120445
0.120446
0.120446
0.120446
0.120447
0.120447
0.120448
0.120448
0.120448
0.120449
0.120449
0.120449
0.12045
0.12045
0.12045
0.12045
0.120451
0.120451
0.120451
0.120451
0.120451
0.120451
0.120452
0.120452
0.120452
0.120452
0.120452
0.120452
0.120452
0.120452
0.120452
0.120452
0.120452
0.120452
0.120452
0.120451
0.120451
0.120451
0.120451
0.120451
0.12045
0.12045
0.12045
0.120449
0.120449
0.120449
0.120448
0.120448
0.120448
0.120447
0.120447
0.120446
0.120446
0.120445
0.120445
0.120444
0.120444
0.120443
0.120443
0.120442
0.120442
0.120441
0.12044
0.12044
0.120439
0.120439
0.120438
0.120438
0.120437
0.120436
0.120436
0.120435
0.120435
0.120434
0.120434
0.120433
0.120433
0.120432
0.120432
0.120431
0.120431
0.12043
0.12043
0.120429
0.120429
0.120428
0.120428
0.120428
0.120427
0.120427
0.120426
0.120426
0.120426
0.120426
0.120425
0.120425
0.120425
0.120424
0.120424
0.120424
0.120424
0.120423
0.120423
0.120423
0.120423
0.120423
0.120423
0.120422
0.120422
0.120422
0.120422
0.120422
0.120422
0.120422
0.120422
0.120421
0.120421
0.120421
0.120421
0.120421
0.120421
0.120421
0.120421
0.120421
0.120421
0.120421
0.120421
0.120421
0.120421
0.120421
0.120421
0.120421
0.120421
0.120421
0.120421
0.120421
0.12042
0.12042
0.12042
0.12042
0.12042
0.12042
0.12042
0.12042
0.12042
0.12042
0.12042
0.12042
0.12042
0.12042
0.12042
0.120421
0.120421
0.120421
0.120421
0.120421
0.120421
0.120421
0.120421
0.120421
0.120421
0.120421
0.120421
0.120421
0.120421
0.120421
0.120421
0.120421
0.120421
0.120421
0.120421
0.120421
0.120421
0.120421
0.120421
0.120422
0.120422
0.120422
0.120422
0.120422
0.120422
0.120422
0.120422
0.120422
0.120422
0.120422
0.120423
0.120423
0.120423
0.120423
0.120423
0.120423
0.120423
0.120423
0.120424
0.120424
0.120424
0.120424
0.120424
0.120424
0.120424
0.120425
0.120425
0.120425
0.120425
0.120425
0.120425
0.120425
0.120426
0.120426
0.120426
0.120426
0.120426
0.120426
0.120426
0.120426
0.120427
0.120427
0.120427
0.120427
0.120427
0.120427
0.120427
0.120427
0.120427
0.120427
0.120427
0.120427
0.120427
0.120427
0.120426
0.120426
0.120426
0.120426
0.120426
0.120426
0.120425
0.120425
0.120425
0.120424
0.120424
0.120423
0.120423
0.120423
0.120422
0.120421
0.120421
0.12042
0.12042
0.120419
0.120418
0.120417
0.120417
0.120416
0.120415
0.120414
0.120413
0.120412
0.120411
0.12041
0.120409
0.120408
0.120407
0.120406
0.120405
0.120404
0.120402
0.120401
0.1204
0.120399
0.120398
0.120397
0.120395
0.120394
0.120393
0.120392
0.120391
0.120389
0.120388
0.120387
0.120386
0.120385
0.120384
0.120382
0.120381
0.12038
0.120379
0.120378
0.120377
0.120376
0.120375
0.120375
0.120374
0.120373
0.120372
0.120371
0.120371
0.12037
0.120369
0.120369
0.120368
0.120368
0.120367
0.120367
0.120366
0.120366
0.120365
0.120365
0.120365
0.120364
0.120364
0.120364
0.120364
0.120364
0.120363
0.120363
0.120363
0.120363
0.120363
0.120363
0.120363
0.120363
0.120363
0.120363
0.120363
0.120363
0.120363
0.120363
0.120363
0.120364
0.120364
0.120364
0.120364
0.120364
0.120364
0.120364
0.120365
0.120365
0.120365
0.120365
0.120365
0.120366
0.120366
0.120366
0.120366
0.120366
0.120367
0.120367
0.120367
0.120367
0.120368
0.120368
0.120368
0.120368
0.120369
0.120369
0.120369
0.120369
0.120369
0.12037
0.12037
0.12037
0.12037
0.120371
0.120371
0.120371
0.120371
0.120372
0.120372
0.120372
0.120372
0.120373
0.120373
0.120373
0.120373
0.120374
0.120374
0.120374
0.120374
0.120374
0.120375
0.120375
0.120375
0.120375
0.120376
0.120376
0.120376
0.120376
0.120376
0.120377
0.120377
0.120377
0.120377
0.120377
0.120378
0.120378
0.120378
0.120378
0.120378
0.120378
0.120378
0.120378
0.120378
0.120378
0.120378
0.120378
0.120378
0.120378
0.120378
0.120378
0.120378
0.120378
0.120378
0.120377
0.120377
0.120377
0.120377
0.120377
0.120376
0.120376
0.120376
0.120375
0.120375
0.120374
0.120374
0.120374
0.120373
0.120373
0.120372
0.120372
0.120371
0.12037
0.12037
0.120369
0.120369
0.120368
0.120367
0.120367
0.120366
0.120365
0.120365
0.120364
0.120363
0.120363
0.120362
0.120362
0.120361
0.12036
0.12036
0.120359
0.120358
0.120358
0.120357
0.120356
0.120356
0.120355
0.120354
0.120354
0.120353
0.120352
0.120352
0.120351
0.12035
0.12035
0.120349
0.120348
0.120348
0.120347
0.120346
0.120345
0.120345
0.120344
0.120343
0.120342
0.120341
0.120341
0.12034
0.120339
0.120338
0.120337
0.120336
0.120335
0.120334
0.120333
0.120332
0.120331
0.120329
0.120328
0.120327
0.120326
0.120325
0.120323
0.120322
0.120321
0.120319
0.120318
0.120317
0.120315
0.120314
0.120313
0.120311
0.12031
0.120309
0.120307
0.120306
0.120304
0.120303
0.120302
0.120301
0.120299
0.120298
0.120297
0.120295
0.120294
0.120293
0.120292
0.120291
0.12029
0.120289
0.120288
0.120287
0.120286
0.120285
0.120284
0.120283
0.120282
0.120281
0.120281
0.12028
0.120279
0.120278
0.120278
0.120277
0.120277
0.120276
0.120275
0.120275
0.120275
0.120274
0.120274
0.120273
0.120273
0.120273
0.120272
0.120272
0.120272
0.120272
0.120271
0.120271
0.120271
0.120271
0.120271
0.120271
0.120271
0.120271
0.120271
0.120271
0.120271
0.120271
0.120271
0.120271
0.120271
0.120271
0.120271
0.120271
0.120271
0.120271
0.120272
0.120272
0.120272
0.120272
0.120272
0.120272
0.120272
0.120272
0.120272
0.120272
0.120272
0.120272
0.120272
0.120272
0.120272
0.120272
0.120272
0.120272
0.120271
0.120271
0.120271
0.120271
0.12027
0.12027
0.120269
0.120269
0.120268
0.120268
0.120267
0.120266
0.120266
0.120265
0.120264
0.120263
0.120262
0.120262
0.120261
0.12026
0.120259
0.120258
0.120257
0.120255
0.120254
0.120253
0.120252
0.120251
0.12025
0.120249
0.120248
0.120247
0.120246
0.120244
0.120243
0.120242
0.120241
0.12024
0.120239
0.120238
0.120238
0.120237
0.120236
0.120235
0.120234
0.120234
0.120233
0.120232
0.120232
0.120231
0.120231
0.12023
0.12023
0.12023
0.120229
0.120229
0.120229
0.120229
0.120228
0.120228
0.120228
0.120228
0.120228
0.120228
0.120228
0.120228
0.120228
0.120228
0.120228
0.120228
0.120229
0.120229
0.120229
0.120229
0.120229
0.120229
0.12023
0.12023
0.12023
0.12023
0.120231
0.120231
0.120231
0.120231
0.120231
0.120232
0.120232
0.120232
0.120232
0.120233
0.120233
0.120233
0.120233
0.120233
0.120234
0.120234
0.120234
0.120234
0.120234
0.120234
0.120235
0.120235
0.120235
0.120235
0.120235
0.120235
0.120235
0.120235
0.120235
0.120235
0.120235
0.120235
0.120235
0.120236
0.120235
0.120235
0.120235
0.120235
0.120235
0.120235
0.120235
0.120235
0.120235
0.120235
0.120235
0.120235
0.120235
0.120234
0.120234
0.120234
0.120234
0.120234
0.120234
0.120233
0.120233
0.120233
0.120233
0.120232
0.120232
0.120232
0.120232
0.120231
0.120231
0.120231
0.12023
0.12023
0.12023
0.120229
0.120229
0.120229
0.120228
0.120228
0.120228
0.120227
0.120227
0.120226
0.120226
0.120226
0.120225
0.120225
0.120224
0.120224
0.120224
0.120223
0.120223
0.120222
0.120222
0.120221
0.120221
0.120221
0.12022
0.12022
0.120219
0.120219
0.120218
0.120218
0.120217
0.120217
0.120216
0.120216
0.120216
0.120215
0.120215
0.120214
0.120214
0.120213
0.120213
0.120213
0.120212
0.120212
0.120211
0.120211
0.120211
0.12021
0.12021
0.120209
0.120209
0.120209
0.120208
0.120208
0.120208
0.120207
0.120207
0.120207
0.120206
0.120206
0.120206
0.120205
0.120205
0.120205
0.120205
0.120204
0.120204
0.120204
0.120204
0.120204
0.120203
0.120203
0.120203
0.120203
0.120203
0.120203
0.120202
0.120202
0.120202
0.120202
0.120202
0.120202
0.120202
0.120202
0.120202
0.120202
0.120202
0.120201
0.120201
0.120201
0.120201
0.120201
0.120201
0.120201
0.120201
0.120201
0.120201
0.120202
0.120202
0.120202
0.120202
0.120202
0.120202
0.120202
0.120202
0.120202
0.120202
0.120202
0.120202
0.120202
0.120202
0.120202
0.120202
0.120203
0.120203
0.120203
0.120203
0.120203
0.120203
0.120203
0.120203
0.120203
0.120203
0.120203
0.120203
0.120203
0.120204
0.120204
0.120204
0.120204
0.120204
0.120204
0.120204
0.120204
0.120204
0.120204
0.120204
0.120204
0.120204
0.120204
0.120204
0.120204
0.120204
0.120204
0.120204
0.120204
0.120204
0.120203
0.120203
0.120203
0.120203
0.120203
0.120203
0.120203
0.120202
0.120202
0.120202
0.120202
0.120202
0.120201
0.120201
0.120201
0.120201
0.1202
0.1202
0.1202
0.120199
0.120199
0.120199
0.120198
0.120198
0.120197
0.120197
0.120197
0.120196
0.120196
0.120195
0.120195
0.120194
0.120194
0.120194
0.120193
0.120193
0.120192
0.120192
0.120191
0.120191
0.12019
0.12019
0.120189
0.120189
0.120188
0.120188
0.120187
0.120187
0.120187
0.120186
0.120186
0.120185
0.120185
0.120185
0.120184
0.120184
0.120183
0.120183
0.120183
0.120182
0.120182
0.120182
0.120182
0.120181
0.120181
0.120181
0.120181
0.12018
0.12018
0.12018
0.12018
0.12018
0.12018
0.12018
0.120179
0.120179
0.120179
0.120179
0.120179
0.120179
0.120179
0.120179
0.120179
0.120179
0.120179
0.120179
0.120179
0.120179
0.120179
0.12018
0.12018
0.12018
0.12018
0.12018
0.12018
0.12018
0.12018
0.12018
0.120181
0.120181
0.120181
0.120181
0.120181
0.120181
0.120181
0.120182
0.120182
0.120182
0.120182
0.120182
0.120182
0.120182
0.120183
0.120183
0.120183
0.120183
0.120183
0.120183
0.120183
0.120183
0.120183
0.120183
0.120184
0.120184
0.120184
0.120184
0.120184
0.120184
0.120184
0.120184
0.120184
0.120183
0.120183
0.120183
0.120183
0.120183
0.120183
0.120183
0.120182
0.120182
0.120182
0.120182
0.120181
0.120181
0.120181
0.12018
0.12018
0.12018
0.120179
0.120179
0.120178
0.120178
0.120177
0.120177
0.120176
0.120176
0.120175
0.120175
0.120174
0.120174
0.120173
0.120172
0.120172
0.120171
0.12017
0.12017
0.120169
0.120168
0.120168
0.120167
0.120166
0.120166
0.120165
0.120164
0.120164
0.120163
0.120162
0.120162
0.120161
0.12016
0.12016
0.120159
0.120158
0.120158
0.120157
0.120156
0.120156
0.120155
0.120155
0.120154
0.120154
0.120153
0.120153
0.120152
0.120152
0.120152
0.120151
0.120151
0.120151
0.12015
0.12015
0.12015
0.120149
0.120149
0.120149
0.120149
0.120149
0.120149
0.120149
0.120149
0.120149
0.120149
0.120149
0.120149
0.120149
0.120149
0.120149
0.120149
0.120149
0.120149
0.120149
0.120149
0.12015
0.12015
0.12015
0.12015
0.12015
0.12015
0.120151
0.120151
0.120151
0.120151
0.120151
0.120151
0.120152
0.120152
0.120152
0.120152
0.120152
0.120152
0.120152
0.120152
0.120152
0.120152
0.120152
0.120152
0.120152
0.120151
0.120151
0.120151
0.120151
0.12015
0.12015
0.120149
0.120149
0.120148
0.120148
0.120147
0.120147
0.120146
0.120145
0.120144
0.120144
0.120143
0.120142
0.120141
0.12014
0.120139
0.120138
0.120136
0.120135
0.120134
0.120133
0.120131
0.12013
0.120129
0.120127
0.120126
0.120124
0.120123
0.120121
0.12012
0.120118
0.120116
0.120115
0.120113
0.120112
0.12011
0.120108
0.120107
0.120105
0.120103
0.120101
0.1201
0.120098
0.120096
0.120095
0.120093
0.120091
0.12009
0.120088
0.120086
0.120084
0.120083
0.120081
0.12008
0.120078
0.120076
0.120075
0.120073
0.120072
0.12007
0.120069
0.120067
0.120066
0.120065
0.120063
0.120062
0.120061
0.120059
0.120058
0.120057
0.120056
0.120055
0.120054
0.120052
0.120051
0.120051
0.12005
0.120049
0.120048
0.120047
0.120046
0.120046
0.120045
0.120045
0.120044
0.120044
0.120043
0.120043
0.120042
0.120042
0.120042
0.120042
0.120041
0.120041
0.120041
0.120041
0.120041
0.120041
0.120041
0.120041
0.120041
0.120041
0.120041
0.120041
0.120042
0.120042
0.120042
0.120042
0.120042
0.120043
0.120043
0.120043
0.120043
0.120044
0.120044
0.120044
0.120045
0.120045
0.120045
0.120046
0.120046
0.120046
0.120047
0.120047
0.120047
0.120048
0.120048
0.120048
0.120049
0.120049
0.120049
0.120049
0.12005
0.12005
0.12005
0.120051
0.120051
0.120051
0.120051
0.120052
0.120052
0.120052
0.120052
0.120053
0.120053
0.120053
0.120053
0.120053
0.120054
0.120054
0.120054
0.120054
0.120054
0.120054
0.120055
0.120055
0.120055
0.120055
0.120055
0.120055
0.120056
0.120056
0.120056
0.120056
0.120056
0.120056
0.120056
0.120057
0.120057
0.120057
0.120057
0.120057
0.120057
0.120057
0.120057
0.120057
0.120058
0.120058
0.120058
0.120058
0.120058
0.120058
0.120058
0.120058
0.120059
0.120059
0.120059
0.120059
0.120059
0.120059
0.120059
0.120059
0.120059
0.12006
0.12006
0.12006
0.12006
0.12006
0.12006
0.12006
0.12006
0.12006
0.12006
0.12006
0.12006
0.12006
0.120061
0.120061
0.120061
0.120061
0.120061
0.120061
0.120061
0.120061
0.12006
0.12006
0.12006
0.12006
0.12006
0.12006
0.12006
0.12006
0.12006
0.120059
0.120059
0.120059
0.120059
0.120058
0.120058
0.120058
0.120057
0.120057
0.120057
0.120056
0.120056
0.120055
0.120055
0.120054
0.120054
0.120053
0.120053
0.120052
0.120051
0.120051
0.12005
0.120049
0.120049
0.120048
0.120047
0.120047
0.120046
0.120045
0.120044
0.120043
0.120043
0.120042
0.120041
0.12004
0.12004
0.120039
0.120038
0.120037
0.120036
0.120036
0.120035
0.120034
0.120033
0.120032
0.120032
0.120031
0.12003
0.120029
0.120029
0.120028
0.120027
0.120027
0.120026
0.120025
0.120025
0.120024
0.120023
0.120023
0.120022
0.120022
0.120021
0.12002
0.12002
0.120019
0.120019
0.120018
0.120017
0.120017
0.120016
0.120016
0.120015
0.120015
0.120014
0.120014
0.120013
0.120013
0.120012
0.120012
0.120011
0.120011
0.12001
0.12001
0.120009
0.120009
0.120008
0.120008
0.120008
0.120007
0.120007
0.120006
0.120006
0.120006
0.120005
0.120005
0.120004
0.120004
0.120004
0.120003
0.120003
0.120003
0.120002
0.120002
0.120002
0.120001
0.120001
0.120001
0.120001
0.12
0.12
0.12
0.12
0.12
0.119999
0.119999
0.119999
0.119999
0.119999
0.119999
0.119998
0.119998
0.119998
0.119998
0.119998
0.119998
0.119998
0.119998
0.119998
0.119998
0.119997
0.119997
0.119997
0.119997
0.119997
0.119997
0.119997
0.119997
0.119997
0.119997
0.119997
0.119997
0.119997
0.119996
0.119996
0.119996
0.119996
0.119996
0.119996
0.119996
0.119996
0.119996
0.119996
0.119996
0.119995
0.119995
0.119995
0.119995
0.119995
0.119995
0.119995
0.119995
0.119994
0.119994
0.119994
0.119994
0.119994
0.119994
0.119994
0.119994
0.119993
0.119993
0.119993
0.119993
0.119993
0.119993
0.119993
0.119993
0.119992
0.119992
0.119992
0.119992
0.119992
0.119992
0.119992
0.119992
0.119992
0.119991
0.119991
0.119991
0.119991
0.119991
0.119991
0.119991
0.119991
0.119991
0.119991
0.119991
0.119991
0.119991
0.119991
0.11999
0.11999
0.11999
0.11999
0.11999
0.11999
0.11999
0.11999
0.11999
0.11999
0.11999
0.11999
0.11999
0.11999
0.11999
0.11999
0.11999
0.11999
0.11999
0.11999
0.11999
0.11999
0.11999
0.11999
0.11999
0.11999
0.11999
0.11999
0.11999
0.11999
0.11999
0.11999
0.119991
0.119991
0.119991
0.119991
0.119991
0.119991
0.119991
0.119991
0.119991
0.119991
0.119991
0.119991
0.119991
0.119991
0.119991
0.119991
0.119991
0.119991
0.119991
0.119991
0.119991
0.119991
0.119991
0.119991
0.119991
0.119991
0.119991
0.119991
0.119991
0.119991
0.119991
0.11999
0.11999
0.11999
0.11999
0.11999
0.11999
0.11999
0.11999
0.11999
0.11999
0.11999
0.11999
0.11999
0.11999
0.11999
0.11999
0.11999
0.11999
0.11999
0.11999
0.119989
0.119989
0.119989
0.119989
0.119989
0.119989
0.119989
0.119989
0.119989
0.119989
0.119989
0.119989
0.119989
0.119989
0.119989
0.119989
0.119989
0.119989
0.119989
0.119989
0.119989
0.119989
0.119989
0.119989
0.119989
0.119989
0.119989
0.119988
0.119988
0.119988
0.119988
0.119988
0.119988
0.119988
0.119988
0.119988
0.119988
0.119988
0.119988
0.119987
0.119987
0.119987
0.119987
0.119986
0.119986
0.119986
0.119986
0.119985
0.119985
0.119984
0.119984
0.119984
0.119983
0.119983
0.119982
0.119981
0.119981
0.11998
0.119979
0.119979
0.119978
0.119977
0.119976
0.119975
0.119975
0.119974
0.119973
0.119972
0.119971
0.11997
0.119969
0.119968
0.119967
0.119966
0.119964
0.119963
0.119962
0.119961
0.11996
0.119959
0.119958
0.119957
0.119956
0.119954
0.119953
0.119952
0.119951
0.11995
0.119949
0.119948
0.119947
0.119946
0.119945
0.119944
0.119943
0.119943
0.119942
0.119941
0.11994
0.119939
0.119939
0.119938
0.119937
0.119937
0.119936
0.119935
0.119935
0.119934
0.119934
0.119933
0.119933
0.119933
0.119932
0.119932
0.119932
0.119931
0.119931
0.119931
0.119931
0.119931
0.11993
0.11993
0.11993
0.11993
0.11993
0.11993
0.11993
0.11993
0.11993
0.11993
0.11993
0.11993
0.11993
0.11993
0.11993
0.11993
0.11993
0.119931
0.119931
0.119931
0.119931
0.119931
0.119931
0.119931
0.119932
0.119932
0.119932
0.119932
0.119932
0.119933
0.119933
0.119933
0.119933
0.119933
0.119934
0.119934
0.119934
0.119934
0.119934
0.119935
0.119935
0.119935
0.119935
0.119935
0.119935
0.119936
0.119936
0.119936
0.119936
0.119936
0.119936
0.119937
0.119937
0.119937
0.119937
0.119937
0.119937
0.119937
0.119937
0.119937
0.119937
0.119937
0.119937
0.119938
0.119938
0.119938
0.119937
0.119937
0.119937
0.119937
0.119937
0.119937
0.119937
0.119937
0.119937
0.119937
0.119936
0.119936
0.119936
0.119936
0.119936
0.119935
0.119935
0.119935
0.119935
0.119934
0.119934
0.119934
0.119933
0.119933
0.119933
0.119932
0.119932
0.119932
0.119931
0.119931
0.11993
0.11993
0.11993
0.119929
0.119929
0.119928
0.119928
0.119927
0.119927
0.119926
0.119926
0.119926
0.119925
0.119925
0.119924
0.119924
0.119923
0.119923
0.119923
0.119922
0.119922
0.119921
0.119921
0.119921
0.11992
0.11992
0.119919
0.119919
0.119919
0.119918
0.119918
0.119918
0.119917
0.119917
0.119917
0.119917
0.119916
0.119916
0.119916
0.119916
0.119915
0.119915
0.119915
0.119915
0.119915
0.119915
0.119914
0.119914
0.119914
0.119914
0.119914
0.119914
0.119914
0.119914
0.119914
0.119914
0.119914
0.119914
0.119913
0.119913
0.119913
0.119913
0.119913
0.119913
0.119913
0.119913
0.119913
0.119913
0.119913
0.119913
0.119913
0.119913
0.119913
0.119914
0.119914
0.119914
0.119914
0.119914
0.119914
0.119914
0.119914
0.119914
0.119914
0.119914
0.119914
0.119914
0.119914
0.119914
0.119914
0.119914
0.119914
0.119914
0.119914
0.119915
0.119915
0.119915
0.119915
0.119915
0.119915
0.119915
0.119915
0.119915
0.119915
0.119915
0.119915
0.119915
0.119915
0.119915
0.119915
0.119915
0.119916
0.119916
0.119916
0.119916
0.119916
0.119916
0.119916
0.119916
0.119916
0.119916
0.119916
0.119916
0.119916
0.119916
0.119916
0.119916
0.119916
0.119916
0.119916
0.119916
0.119916
0.119916
0.119917
0.119917
0.119917
0.119917
0.119917
0.119917
0.119917
0.119917
0.119917
0.119916
0.119916
0.119916
0.119916
0.119916
0.119916
0.119916
0.119916
0.119916
0.119916
0.119916
0.119916
0.119916
0.119915
0.119915
0.119915
0.119915
0.119915
0.119915
0.119914
0.119914
0.119914
0.119914
0.119914
0.119913
0.119913
0.119913
0.119912
0.119912
0.119912
0.119911
0.119911
0.119911
0.11991
0.11991
0.119909
0.119909
0.119908
0.119908
0.119908
0.119907
0.119907
0.119906
0.119905
0.119905
0.119904
0.119904
0.119903
0.119903
0.119902
0.119902
0.119901
0.1199
0.1199
0.119899
0.119899
0.119898
0.119898
0.119897
0.119896
0.119896
0.119895
0.119895
0.119894
0.119894
0.119893
0.119892
0.119892
0.119891
0.119891
0.11989
0.11989
0.119889
0.119889
0.119888
0.119888
0.119888
0.119887
0.119887
0.119886
0.119886
0.119886
0.119885
0.119885
0.119885
0.119884
0.119884
0.119884
0.119883
0.119883
0.119883
0.119883
0.119883
0.119882
0.119882
0.119882
0.119882
0.119882
0.119882
0.119881
0.119881
0.119881
0.119881
0.119881
0.119881
0.119881
0.119881
0.119881
0.119881
0.119881
0.119881
0.119881
0.119881
0.119881
0.119881
0.119881
0.119881
0.119881
0.119881
0.119881
0.119881
0.119881
0.119881
0.119881
0.119881
0.119881
0.119881
0.119881
0.119881
0.119881
0.119881
0.119881
0.119881
0.119881
0.119881
0.119881
0.119881
0.119881
0.119881
0.119881
0.119881
0.119881
0.119881
0.119882
0.119882
0.119882
0.119882
0.119882
0.119882
0.119882
0.119882
0.119882
0.119882
0.119882
0.119882
0.119882
0.119882
0.119883
0.119883
0.119883
0.119883
0.119883
0.119883
0.119883
0.119883
0.119883
0.119883
0.119883
0.119884
0.119884
0.119884
0.119884
0.119884
0.119884
0.119884
0.119884
0.119885
0.119885
0.119885
0.119885
0.119885
0.119885
0.119885
0.119886
0.119886
0.119886
0.119886
0.119886
0.119886
0.119886
0.119887
0.119887
0.119887
0.119887
0.119887
0.119887
0.119888
0.119888
0.119888
0.119888
0.119888
0.119888
0.119888
0.119888
0.119889
0.119889
0.119889
0.119889
0.119889
0.119889
0.119889
0.119889
0.119889
0.119889
0.119889
0.119889
0.119889
0.119889
0.119889
0.119889
0.119889
0.119889
0.119889
0.119889
0.119889
0.119888
0.119888
0.119888
0.119888
0.119888
0.119887
0.119887
0.119887
0.119886
0.119886
0.119886
0.119885
0.119885
0.119884
0.119884
0.119883
0.119883
0.119882
0.119882
0.119881
0.11988
0.11988
0.119879
0.119879
0.119878
0.119877
0.119877
0.119876
0.119875
0.119875
0.119874
0.119873
0.119873
0.119872
0.119871
0.119871
0.11987
0.119869
0.119869
0.119868
0.119867
0.119867
0.119866
0.119865
0.119865
0.119864
0.119864
0.119863
0.119862
0.119862
0.119861
0.119861
0.11986
0.11986
0.119859
0.119859
0.119858
0.119858
0.119857
0.119857
0.119856
0.119856
0.119855
0.119855
0.119854
0.119854
0.119853
0.119853
0.119852
0.119852
0.119851
0.119851
0.11985
0.11985
0.119849
0.119849
0.119848
0.119847
0.119847
0.119846
0.119846
0.119845
0.119844
0.119844
0.119843
0.119842
0.119842
0.119841
0.11984
0.11984
0.119839
0.119838
0.119837
0.119837
0.119836
0.119835
0.119834
0.119834
0.119833
0.119832
0.119831
0.119831
0.11983
0.119829
0.119828
0.119828
0.119827
0.119826
0.119826
0.119825
0.119824
0.119823
0.119823
0.119822
0.119822
0.119821
0.11982
0.11982
0.119819
0.119819
0.119818
0.119818
0.119817
0.119817
0.119816
0.119816
0.119816
0.119815
0.119815
0.119815
0.119814
0.119814
0.119814
0.119814
0.119814
0.119813
0.119813
0.119813
0.119813
0.119813
0.119813
0.119813
0.119813
0.119813
0.119813
0.119812
0.119812
0.119812
0.119812
0.119812
0.119812
0.119812
0.119812
0.119812
0.119812
0.119812
0.119812
0.119812
0.119812
0.119812
0.119812
0.119812
0.119812
0.119812
0.119812
0.119812
0.119812
0.119812
0.119811
0.119811
0.119811
0.119811
0.119811
0.119811
0.11981
0.11981
0.11981
0.11981
0.119809
0.119809
0.119809
0.119809
0.119808
0.119808
0.119808
0.119807
0.119807
0.119807
0.119806
0.119806
0.119805
0.119805
0.119805
0.119804
0.119804
0.119803
0.119803
0.119803
0.119802
0.119802
0.119802
0.119801
0.119801
0.1198
0.1198
0.1198
0.119799
0.119799
0.119799
0.119798
0.119798
0.119798
0.119797
0.119797
0.119797
0.119797
0.119796
0.119796
0.119796
0.119796
0.119796
0.119795
0.119795
0.119795
0.119795
0.119795
0.119795
0.119794
0.119794
0.119794
0.119794
0.119794
0.119794
0.119794
0.119794
0.119794
0.119794
0.119793
0.119793
0.119793
0.119793
0.119793
0.119793
0.119793
0.119793
0.119793
0.119793
0.119793
0.119793
0.119793
0.119793
0.119793
0.119793
0.119793
0.119793
0.119793
0.119793
0.119792
0.119792
0.119792
0.119792
0.119792
0.119792
0.119792
0.119792
0.119792
0.119792
0.119792
0.119792
0.119792
0.119792
0.119792
0.119792
0.119792
0.119791
0.119791
0.119791
0.119791
0.119791
0.119791
0.119791
0.119791
0.119791
0.119791
0.119791
0.119791
0.119791
0.119791
0.119791
0.119791
0.119791
0.119791
0.119791
0.119791
0.119791
0.119791
0.119791
0.119791
0.119791
0.119791
0.119791
0.119791
0.119791
0.119792
0.119792
0.119792
0.119792
0.119792
0.119792
0.119792
0.119792
0.119792
0.119792
0.119792
0.119792
0.119793
0.119793
0.119793
0.119793
0.119793
0.119793
0.119793
0.119793
0.119793
0.119793
0.119793
0.119793
0.119792
0.119792
0.119792
0.119792
0.119792
0.119792
0.119791
0.119791
0.119791
0.11979
0.11979
0.119789
0.119789
0.119788
0.119787
0.119787
0.119786
0.119785
0.119784
0.119784
0.119783
0.119782
0.119781
0.11978
0.119779
0.119778
0.119776
0.119775
0.119774
0.119773
0.119771
0.11977
0.119769
0.119767
0.119766
0.119764
0.119763
0.119761
0.11976
0.119758
0.119757
0.119755
0.119754
0.119752
0.119751
0.119749
0.119748
0.119746
0.119745
0.119743
0.119742
0.11974
0.119739
0.119738
0.119737
0.119735
0.119734
0.119733
0.119732
0.119731
0.11973
0.119729
0.119728
0.119727
0.119726
0.119725
0.119725
0.119724
0.119723
0.119723
0.119722
0.119722
0.119721
0.119721
0.11972
0.11972
0.11972
0.11972
0.119719
0.119719
0.119719
0.119719
0.119719
0.119719
0.119719
0.119719
0.119719
0.119719
0.119719
0.119719
0.119719
0.11972
0.11972
0.11972
0.11972
0.11972
0.119721
0.119721
0.119721
0.119721
0.119722
0.119722
0.119722
0.119722
0.119723
0.119723
0.119723
0.119724
0.119724
0.119724
0.119724
0.119725
0.119725
0.119725
0.119725
0.119726
0.119726
0.119726
0.119726
0.119726
0.119727
0.119727
0.119727
0.119727
0.119727
0.119727
0.119727
0.119728
0.119728
0.119728
0.119728
0.119728
0.119728
0.119728
0.119728
0.119728
0.119728
0.119728
0.119728
0.119728
0.119728
0.119728
0.119728
0.119727
0.119727
0.119727
0.119727
0.119727
0.119726
0.119726
0.119726
0.119726
0.119725
0.119725
0.119725
0.119724
0.119724
0.119723
0.119723
0.119722
0.119722
0.119721
0.119721
0.11972
0.119719
0.119719
0.119718
0.119717
0.119717
0.119716
0.119715
0.119714
0.119714
0.119713
0.119712
0.119711
0.11971
0.119709
0.119708
0.119707
0.119706
0.119705
0.119704
0.119703
0.119702
0.119701
0.1197
0.119699
0.119698
0.119696
0.119695
0.119694
0.119693
0.119692
0.119691
0.119689
0.119688
0.119687
0.119686
0.119685
0.119683
0.119682
0.119681
0.11968
0.119679
0.119678
0.119676
0.119675
0.119674
0.119673
0.119672
0.119671
0.11967
0.119669
0.119668
0.119667
0.119666
0.119665
0.119664
0.119663
0.119662
0.119661
0.11966
0.11966
0.119659
0.119658
0.119657
0.119657
0.119656
0.119655
0.119655
0.119654
0.119653
0.119653
0.119652
0.119652
0.119651
0.119651
0.11965
0.11965
0.119649
0.119649
0.119649
0.119648
0.119648
0.119648
0.119647
0.119647
0.119647
0.119647
0.119646
0.119646
0.119646
0.119646
0.119646
0.119645
0.119645
0.119645
0.119645
0.119645
0.119645
0.119645
0.119645
0.119644
0.119644
0.119644
0.119644
0.119644
0.119644
0.119644
0.119644
0.119644
0.119644
0.119644
0.119644
0.119644
0.119644
0.119644
0.119643
0.119643
0.119643
0.119643
0.119643
0.119643
0.119643
0.119643
0.119643
0.119643
0.119643
0.119643
0.119642
0.119642
0.119642
0.119642
0.119642
0.119642
0.119642
0.119642
0.119641
0.119641
0.119641
0.119641
0.119641
0.119641
0.11964
0.11964
0.11964
0.11964
0.11964
0.11964
0.11964
0.119639
0.119639
0.119639
0.119639
0.119639
0.119639
0.119639
0.119638
0.119638
0.119638
0.119638
0.119638
0.119638
0.119638
0.119638
0.119638
0.119638
0.119638
0.119638
0.119638
0.119637
0.119637
0.119637
0.119637
0.119637
0.119638
0.119638
0.119638
0.119638
0.119638
0.119638
0.119638
0.119638
0.119638
0.119638
0.119638
0.119639
0.119639
0.119639
0.119639
0.119639
0.119639
0.11964
0.11964
0.11964
0.11964
0.119641
0.119641
0.119641
0.119641
0.119642
0.119642
0.119642
0.119642
0.119643
0.119643
0.119643
0.119644
0.119644
0.119644
0.119644
0.119645
0.119645
0.119645
0.119646
0.119646
0.119646
0.119646
0.119646
0.119647
0.119647
0.119647
0.119647
0.119647
0.119647
0.119647
0.119648
0.119648
0.119648
0.119648
0.119647
0.119647
0.119647
0.119647
0.119647
0.119647
0.119646
0.119646
0.119646
0.119645
0.119645
0.119645
0.119644
0.119644
0.119643
0.119642
0.119642
0.119641
0.119641
0.11964
0.119639
0.119638
0.119638
0.119637
0.119636
0.119635
0.119634
0.119634
0.119633
0.119632
0.119631
0.11963
0.119629
0.119628
0.119627
0.119627
0.119626
0.119625
0.119624
0.119623
0.119622
0.119621
0.11962
0.119619
0.119618
0.119618
0.119617
0.119616
0.119615
0.119614
0.119613
0.119612
0.119611
0.11961
0.119609
0.119608
0.119607
0.119606
0.119605
0.119604
0.119603
0.119602
0.1196
0.119599
0.119598
0.119597
0.119595
0.119594
0.119593
0.119591
0.11959
0.119588
0.119587
0.119585
0.119583
0.119582
0.11958
0.119578
0.119577
0.119575
0.119573
0.119571
0.119569
0.119568
0.119566
0.119564
0.119562
0.11956
0.119558
0.119556
0.119555
0.119553
0.119551
0.119549
0.119547
0.119546
0.119544
0.119542
0.11954
0.119539
0.119537
0.119535
0.119534
0.119532
0.119531
0.119529
0.119528
0.119526
0.119525
0.119523
0.119522
0.119521
0.119519
0.119518
0.119517
0.119516
0.119514
0.119513
0.119512
0.119511
0.11951
0.119509
0.119508
0.119507
0.119506
0.119506
0.119505
0.119504
0.119503
0.119503
0.119502
0.119501
0.119501
0.1195
0.1195
0.119499
0.119499
0.119498
0.119498
0.119498
0.119497
0.119497
0.119497
0.119496
0.119496
0.119496
0.119496
0.119496
0.119496
0.119495
0.119495
0.119495
0.119495
0.119495
0.119495
0.119495
0.119496
0.119496
0.119496
0.119496
0.119496
0.119496
0.119496
0.119496
0.119497
0.119497
0.119497
0.119497
0.119497
0.119497
0.119498
0.119498
0.119498
0.119498
0.119498
0.119499
0.119499
0.119499
0.119499
0.119499
0.119499
0.1195
0.1195
0.1195
0.1195
0.1195
0.1195
0.1195
0.1195
0.1195
0.1195
0.1195
0.1195
0.1195
0.1195
0.1195
0.1195
0.1195
0.1195
0.1195
0.1195
0.1195
0.119499
0.119499
0.119499
0.119499
0.119499
0.119499
0.119498
0.119498
0.119498
0.119498
0.119498
0.119498
0.119497
0.119497
0.119497
0.119497
0.119497
0.119496
0.119496
0.119496
0.119496
0.119496
0.119496
0.119496
0.119495
0.119495
0.119495
0.119495
0.119495
0.119495
0.119495
0.119495
0.119495
0.119495
0.119495
0.119495
0.119494
0.119494
0.119494
0.119494
0.119494
0.119494
0.119494
0.119494
0.119494
0.119494
0.119494
0.119493
0.119493
0.119493
0.119493
0.119492
0.119492
0.119492
0.119491
0.119491
0.11949
0.11949
0.119489
0.119489
0.119488
0.119487
0.119486
0.119486
0.119485
0.119484
0.119483
0.119482
0.119481
0.119479
0.119478
0.119477
0.119476
0.119474
0.119473
0.119472
0.11947
0.119469
0.119467
0.119466
0.119464
0.119463
0.119461
0.11946
0.119458
0.119457
0.119455
0.119454
0.119453
0.119451
0.11945
0.119448
0.119447
0.119446
0.119445
0.119443
0.119442
0.119441
0.11944
0.119439
0.119438
0.119437
0.119437
0.119436
0.119435
0.119435
0.119434
0.119433
0.119433
0.119433
0.119432
0.119432
0.119431
0.119431
0.119431
0.119431
0.119431
0.119431
0.119431
0.11943
0.11943
0.11943
0.119431
0.119431
0.119431
0.119431
0.119431
0.119431
0.119431
0.119431
0.119431
0.119432
0.119432
0.119432
0.119432
0.119432
0.119433
0.119433
0.119433
0.119433
0.119433
0.119434
0.119434
0.119434
0.119434
0.119434
0.119434
0.119434
0.119435
0.119435
0.119435
0.119435
0.119435
0.119435
0.119435
0.119435
0.119435
0.119436
0.119436
0.119436
0.119436
0.119436
0.119436
0.119436
0.119436
0.119436
0.119436
0.119436
0.119436
0.119435
0.119435
0.119435
0.119435
0.119435
0.119435
0.119435
0.119435
0.119435
0.119435
0.119434
0.119434
0.119434
0.119434
0.119434
0.119434
0.119433
0.119433
0.119433
0.119433
0.119433
0.119432
0.119432
0.119432
0.119432
0.119431
0.119431
0.119431
0.119431
0.119431
0.11943
0.11943
0.11943
0.11943
0.119429
0.119429
0.119429
0.119429
0.119428
0.119428
0.119428
0.119428
0.119428
0.119427
0.119427
0.119427
0.119427
0.119426
0.119426
0.119426
0.119426
0.119426
0.119426
0.119425
0.119425
0.119425
0.119425
0.119425
0.119425
0.119424
0.119424
0.119424
0.119424
0.119424
0.119424
0.119424
0.119423
0.119423
0.119423
0.119423
0.119423
0.119423
0.119423
0.119423
0.119422
0.119422
0.119422
0.119422
0.119422
0.119422
0.119421
0.119421
0.119421
0.119421
0.119421
0.11942
0.11942
0.11942
0.11942
0.119419
0.119419
0.119419
0.119419
0.119418
0.119418
0.119417
0.119417
0.119417
0.119416
0.119416
0.119415
0.119415
0.119414
0.119414
0.119413
0.119413
0.119412
0.119411
0.119411
0.11941
0.11941
0.119409
0.119408
0.119408
0.119407
0.119406
0.119405
0.119405
0.119404
0.119403
0.119403
0.119402
0.119401
0.1194
0.1194
0.119399
0.119398
0.119398
0.119397
0.119396
0.119396
0.119395
0.119394
0.119394
0.119393
0.119392
0.119392
0.119391
0.119391
0.11939
0.11939
0.119389
0.119389
0.119389
0.119388
0.119388
0.119388
0.119387
0.119387
0.119387
0.119386
0.119386
0.119386
0.119386
0.119386
0.119386
0.119385
0.119385
0.119385
0.119385
0.119385
0.119385
0.119385
0.119385
0.119385
0.119385
0.119385
0.119385
0.119385
0.119385
0.119385
0.119385
0.119386
0.119386
0.119386
0.119386
0.119386
0.119386
0.119386
0.119386
0.119387
0.119387
0.119387
0.119387
0.119387
0.119387
0.119387
0.119388
0.119388
0.119388
0.119388
0.119388
0.119388
0.119388
0.119388
0.119388
0.119389
0.119389
0.119389
0.119389
0.119389
0.119389
0.119389
0.119389
0.119389
0.119389
0.119389
0.119389
0.119389
0.119389
0.119389
0.119389
0.119389
0.119389
0.119389
0.119389
0.119389
0.119389
0.119388
0.119388
0.119388
0.119388
0.119388
0.119388
0.119387
0.119387
0.119387
0.119387
0.119386
0.119386
0.119386
0.119385
0.119385
0.119385
0.119384
0.119384
0.119384
0.119383
0.119383
0.119383
0.119382
0.119382
0.119381
0.119381
0.119381
0.11938
0.11938
0.119379
0.119379
0.119378
0.119378
0.119378
0.119377
0.119377
0.119376
0.119376
0.119376
0.119375
0.119375
0.119375
0.119374
0.119374
0.119374
0.119373
0.119373
0.119373
0.119372
0.119372
0.119372
0.119372
0.119372
0.119371
0.119371
0.119371
0.119371
0.119371
0.119371
0.11937
0.11937
0.11937
0.11937
0.11937
0.11937
0.11937
0.11937
0.11937
0.11937
0.11937
0.11937
0.11937
0.11937
0.11937
0.11937
0.11937
0.11937
0.11937
0.11937
0.11937
0.11937
0.11937
0.11937
0.119371
0.119371
0.119371
0.119371
0.119371
0.119371
0.119371
0.119371
0.119371
0.119371
0.119371
0.119371
0.119371
0.119371
0.119371
0.119371
0.119371
0.119371
0.11937
0.11937
0.11937
0.11937
0.11937
0.11937
0.11937
0.119369
0.119369
0.119369
0.119369
0.119368
0.119368
0.119368
0.119367
0.119367
0.119367
0.119366
0.119366
0.119365
0.119365
0.119364
0.119364
0.119363
0.119363
0.119362
0.119361
0.119361
0.11936
0.119359
0.119358
0.119358
0.119357
0.119356
0.119355
0.119354
0.119353
0.119352
0.119351
0.11935
0.119349
0.119348
0.119347
0.119346
0.119345
0.119344
0.119343
0.119341
0.11934
0.119339
0.119338
0.119337
0.119335
0.119334
0.119333
0.119332
0.119331
0.119329
0.119328
0.119327
0.119326
0.119325
0.119324
0.119322
0.119321
0.11932
0.119319
0.119318
0.119317
0.119316
0.119315
0.119314
0.119314
0.119313
0.119312
0.119311
0.119311
0.11931
0.119309
0.119309
0.119308
0.119308
0.119307
0.119307
0.119306
0.119306
0.119306
0.119305
0.119305
0.119305
0.119305
0.119305
0.119305
0.119305
0.119305
0.119305
0.119305
0.119305
0.119305
0.119305
0.119305
0.119305
0.119305
0.119306
0.119306
0.119306
0.119306
0.119307
0.119307
0.119307
0.119307
0.119308
0.119308
0.119308
0.119309
0.119309
0.119309
0.11931
0.11931
0.11931
0.119311
0.119311
0.119312
0.119312
0.119312
0.119313
0.119313
0.119313
0.119314
0.119314
0.119314
0.119315
0.119315
0.119315
0.119315
0.119316
0.119316
0.119316
0.119316
0.119316
0.119317
0.119317
0.119317
0.119317
0.119317
0.119317
0.119317
0.119317
0.119317
0.119317
0.119317
0.119317
0.119317
0.119317
0.119317
0.119317
0.119317
0.119316
0.119316
0.119316
0.119316
0.119315
0.119315
0.119315
0.119314
0.119314
0.119314
0.119313
0.119313
0.119312
0.119312
0.119311
0.119311
0.11931
0.11931
0.119309
0.119309
0.119308
0.119308
0.119307
0.119306
